date,tier,fired_categories,magnitude_fired,structural_fired,index_return,mean_abs_corr_raw
2015-03-31,armed,,False,False,-0.009476703709484143,0.3750547420362347
2015-04-01,armed,,False,False,-0.004883085355303261,0.3766356099060227
2015-04-02,armed,,False,False,0.0013275402597371542,0.36658781616757685
2015-04-06,armed,,False,False,0.007597727141089386,0.3636634541546524
2015-04-07,armed,,False,False,0.00013786728557176075,0.3631960592062997
2015-04-08,armed,,False,False,0.00561061683535542,0.3484086734338974
2015-04-09,armed,,False,False,0.005386758834411509,0.34756297726531216
2015-04-10,armed,,False,False,0.007349433650110548,0.3434725139715066
2015-04-13,armed,,False,False,-0.003263723289728923,0.33845805918105365
2015-04-14,armed,,False,False,-0.00033517045101546497,0.3385801014795435
2015-04-15,armed,,False,False,0.007701397107873805,0.3330498125690562
2015-04-16,armed,,False,False,0.002900514940292965,0.3275378404487318
2015-04-17,armed,,False,False,-0.01631968944470511,0.32675765244475946
2015-04-20,armed,,False,False,0.01066484530108863,0.33907939467702874
2015-04-21,armed,,False,False,0.0007815929802389679,0.3348198687466906
2015-04-22,armed,,False,False,0.005632970042465005,0.3347077148579038
2015-04-23,armed,,False,False,-0.000879216604499247,0.33448982731789495
2015-04-24,armed,,False,False,-0.00026524781896590234,0.3232877034516385
2015-04-27,armed,,False,False,-0.0017516393619720128,0.3172100147062785
2015-04-28,armed,,False,False,0.0026917973249217415,0.31582092207373935
2015-04-29,armed,,False,False,-0.0006374959501457419,0.3118635166226534
2015-04-30,armed,,False,False,-0.012698462329174678,0.3062605401250632
2015-05-01,armed,,False,False,0.013120452900658068,0.3046965354804221
2015-05-04,armed,,False,False,0.002048375305572992,0.31004239480453444
2015-05-05,armed,,False,False,-0.013192159967825344,0.30627092373033016
2015-05-06,armed,,False,False,-0.003249636197969825,0.3182119176773477
2015-05-07,armed,,False,False,0.006559765871222122,0.31877309215898086
2015-05-08,armed,,False,False,0.011410675151974182,0.3120623893810913
2015-05-11,armed,,False,False,-0.0015185116882697235,0.31719289866563866
2015-05-12,armed,,False,False,-0.0037165966650416125,0.3165025274059825
2015-05-13,armed,,False,False,0.003294859866864908,0.3161799494441995
2015-05-14,armed,,False,False,0.01297300515507812,0.3173161022216086
2015-05-15,armed,,False,False,-0.0008934536549818491,0.32540049053505576
2015-05-18,armed,,False,False,0.005433474313582387,0.32922600231318383
2015-05-19,armed,,False,False,-0.0029119016758667074,0.3290042833272381
2015-05-20,armed,,False,False,0.00017941098209437386,0.3267875765165179
2015-05-21,armed,,False,False,0.004137275193314455,0.3283739603467192
2015-05-22,armed,,False,False,-0.0013447185018862111,0.33022371076272306
2015-05-26,armed,,False,False,-0.009435393267844436,0.33311066687043034
2015-05-27,armed,,False,False,0.014164367650196652,0.33811550191750456
2015-05-28,armed,,False,False,0.0015768483427913598,0.34200858173215753
2015-05-29,armed,,False,False,-0.005336039771740809,0.338855710850878
2015-06-01,armed,,False,False,0.002942694736833551,0.3389787071406556
2015-06-02,armed,,False,False,-0.0013526551059925768,0.34170431795388784
2015-06-03,armed,,False,False,0.0038004809915062584,0.33096884434129326
2015-06-04,armed,,False,False,-0.008976642422834932,0.33084596178570785
2015-06-05,armed,,False,False,0.0020178978293366977,0.3161550212784577
2015-06-08,armed,,False,False,-0.009086204974492995,0.3163571046737987
2015-06-09,armed,,False,False,0.0017199226162159158,0.32207237856038
2015-06-10,armed,,False,False,0.014270682119649263,0.3212429137080238
2015-06-11,armed,,False,False,0.0009568360570219935,0.321405378947314
2015-06-12,armed,,False,False,-0.006857257576251581,0.32168803111551275
2015-06-15,armed,,False,False,-0.004733329664417598,0.32247753744131646
2015-06-16,armed,,False,False,0.006233057306293735,0.3266244094994661
2015-06-17,armed,,False,False,0.0029533520816979737,0.3260857745262859
2015-06-18,armed,,False,False,0.010656364915182478,0.32477280009868215
2015-06-19,armed,,False,False,-0.004837504965454568,0.32667428279473065
2015-06-22,armed,,False,False,0.0057068130135384055,0.2930568997763685
2015-06-23,armed,,False,False,2.96183564248299e-05,0.29874178310331007
2015-06-24,armed,,False,False,-0.008898198373589168,0.3002287531027965
2015-06-25,armed,,False,False,-0.003081290669151551,0.29977406378000276
2015-06-26,armed,,False,False,-0.010643360156010664,0.2941970282447167
2015-06-29,armed,,False,False,-0.023374884979435327,0.29500100215058284
2015-06-30,armed,,False,False,0.0022665933976186428,0.3301586139110094
2015-07-01,armed,,False,False,0.00685176631918117,0.32767092653536906
2015-07-02,armed,,False,False,0.0016956360384069711,0.3301556025118851
2015-07-06,armed,,False,False,-0.006863046767338889,0.32907619719644216
2015-07-07,armed,,False,False,-0.0014977255622916383,0.33135165544935163
2015-07-08,armed,,False,False,-0.017640493576868168,0.3282447252728246
2015-07-09,armed,,False,False,-0.0014640392862033007,0.3459475289875895
2015-07-10,armed,,False,False,0.01292497108643043,0.3473894403709009
2015-07-13,armed,,False,False,0.011840145482160015,0.35877217511222564
2015-07-14,armed,,False,False,0.008623147555244768,0.3713024299054341
2015-07-15,armed,,False,False,-0.003681181300802617,0.3616004084681
2015-07-16,armed,,False,False,0.0105503147784381,0.35612435843455964
2015-07-17,armed,,False,False,0.004310847365791655,0.3590996926726971
2015-07-20,armed,,False,False,-0.002126077760243916,0.34580268458937147
2015-07-21,armed,,False,False,-0.00308604794201031,0.350397837922306
2015-07-22,armed,,False,False,-0.0044356214643774495,0.3604788911126269
2015-07-23,armed,,False,False,-0.00169538330494264,0.35655655586017687
2015-07-24,armed,,False,False,-0.008688012004470329,0.3532312839785861
2015-07-27,armed,,False,False,-0.006264617122827566,0.35267370482589916
2015-07-28,armed,,False,False,0.015459990534892375,0.3486467730176038
2015-07-29,armed,,False,False,0.006107065267291016,0.35404170502082494
2015-07-30,armed,,False,False,0.0061497591315506,0.3550332167695051
2015-07-31,armed,,False,False,-0.004836102188541752,0.33873341014110364
2015-08-03,armed,,False,False,0.0011590626248975024,0.333702672168852
2015-08-04,armed,,False,False,-0.004542742819190159,0.33148666091511614
2015-08-05,armed,,False,False,0.012735736826381232,0.3248345494125534
2015-08-06,armed,,False,False,-0.01445691284453532,0.3303235547950795
2015-08-07,armed,,False,False,-0.000539667694294664,0.3351594832867531
2015-08-10,armed,,False,False,0.011381444078292481,0.33049553383355357
2015-08-11,armed,,False,False,-0.01154828698348407,0.3275267974593074
2015-08-12,armed,,False,False,0.0013167515492388624,0.3343338333651994
2015-08-13,armed,,False,False,-0.0026336005507712063,0.3310388172437529
2015-08-14,armed,,False,False,0.003431168011183495,0.33272474815320324
2015-08-17,armed,,False,False,0.006809263944481735,0.3342415418961861
2015-08-18,armed,,False,False,-0.007650183497854375,0.33518658434563886
2015-08-19,armed,,False,False,-0.008503606192503038,0.337311753059197
2015-08-20,armed,,False,False,-0.02889239883056168,0.335747129933485
2015-08-21,armed,,False,False,-0.0292639405637882,0.3588151096480873
2015-08-24,armed,,False,False,-0.03755906978546908,0.3903170990289679
2015-08-25,armed,,False,False,-0.01136457359020263,0.4404158532401776
2015-08-26,armed,,False,False,0.043699307211378866,0.4384678733222516
2015-08-27,armed,,False,False,0.02809100623914778,0.49931452297099804
2015-08-28,armed,,False,False,0.003721149379644722,0.5155267021119166
2015-08-31,armed,,False,False,-0.00642425882973007,0.5126424189389387
2015-09-01,armed,,False,False,-0.033195745839396905,0.514479889360165
2015-09-02,armed,,False,False,0.018130230399110193,0.5358119409427298
2015-09-03,armed,,False,False,0.002982436124634386,0.5435945157273934
2015-09-04,armed,,False,False,-0.015269035827349233,0.5376959023530682
2015-09-08,armed,,False,False,0.027441190415862623,0.54160089850651
2015-09-09,armed,,False,False,-0.01305736602904658,0.5566701272514706
2015-09-10,armed,,False,False,0.006545134639799553,0.559014782740805
2015-09-11,armed,,False,False,-0.0001269409767424099,0.556079111315053
2015-09-14,armed,,False,False,-0.004601403246927652,0.5501319775142154
2015-09-15,armed,,False,False,0.014241329096172045,0.5493005398287812
2015-09-16,armed,,False,False,0.009174873409119037,0.5525062224891975
2015-09-17,armed,,False,False,-0.0034853808814919642,0.5537332557593853
2015-09-18,armed,,False,False,-0.015164622150770907,0.550758459602852
2015-09-21,armed,,False,False,0.0027402327114491136,0.5505534797673577
2015-09-22,armed,,False,False,-0.015001124927061545,0.5493300783864508
2015-09-23,armed,,False,False,-0.004430713416524155,0.5528825765951647
2015-09-24,armed,,False,False,-0.0015993792528956347,0.5435590656851157
2015-09-25,armed,,False,False,0.00035910035733539326,0.5411016139917492
2015-09-28,armed,,False,False,-0.02340386873426066,0.5353915370716331
2015-09-29,armed,,False,False,0.0013409040774835478,0.5416708955865619
2015-09-30,armed,,False,False,0.025204210146094346,0.5394417505361414
2015-10-01,armed,,False,False,-0.002528832420882355,0.537149165277326
2015-10-02,armed,,False,False,0.015519319822155856,0.5293530756518854
2015-10-05,armed,,False,False,0.02163864099567671,0.5353348193802097
2015-10-06,armed,,False,False,0.0013112422615284853,0.5376435915463493
2015-10-07,armed,,False,False,0.0073864522138577405,0.5324980794937845
2015-10-08,armed,,False,False,0.006157672137685635,0.5308660646959579
2015-10-09,armed,,False,False,-0.00258087941495036,0.5306346709403272
2015-10-12,armed,,False,False,-0.002143759979075545,0.5298134478490513
2015-10-13,armed,,False,False,-0.005947496655933002,0.5403812515024152
2015-10-14,armed,,False,False,0.0005240444957695829,0.5415795716163665
2015-10-15,armed,,False,False,0.010369754673314862,0.5322145342538179
2015-10-16,armed,,False,False,0.0021384390769522282,0.5310654080322561
2015-10-19,armed,,False,False,0.0003919301522624357,0.5337104687784534
2015-10-20,armed,,False,False,-0.0062481572746705405,0.5389464103490853
2015-10-21,armed,,False,False,-0.005807634246657471,0.5328009486101085
2015-10-22,armed,,False,False,0.02016326727491031,0.5232184732210345
2015-10-23,armed,,False,False,0.017494893964726973,0.5184760596226028
2015-10-26,armed,,False,False,-0.003709677815059839,0.5169672977593824
2015-10-27,armed,,False,False,-0.00372113232328458,0.5154114766407397
2015-10-28,armed,,False,False,0.016647908403367842,0.5103735905765024
2015-10-29,armed,,False,False,-0.007321202809989864,0.5110472919567897
2015-10-30,armed,,False,False,-0.0003247553429302462,0.5093499106760713
2015-11-02,armed,,False,False,0.01212373707530765,0.5058859779727436
2015-11-03,armed,,False,False,0.005787126842168746,0.50976609376048
2015-11-04,armed,,False,False,0.0024689452838641216,0.5091202993852352
2015-11-05,armed,,False,False,-0.0036118143458868553,0.5075081043030323
2015-11-06,armed,,False,False,0.010748987790747008,0.5004826548324817
2015-11-09,armed,,False,False,-0.013095088928072266,0.49371354782015303
2015-11-10,armed,,False,False,-0.003683588769455088,0.49466854340600086
2015-11-11,armed,,False,False,-0.0006835718261903809,0.49293501026631276
2015-11-12,armed,,False,False,-0.013615109351481365,0.49245026473023
2015-11-13,armed,,False,False,-0.013605408393033458,0.49392381942719543
2015-11-16,armed,,False,False,0.01603014054612419,0.484072412898533
2015-11-17,armed,,False,False,0.003110491695658789,0.477490909421507
2015-11-18,armed,,False,False,0.014676802681328097,0.4462717451585033
2015-11-19,armed,,False,False,0.00133442336491282,0.447435926460955
2015-11-20,armed,,False,False,0.00610755315672055,0.40732465084162617
2015-11-23,armed,,False,False,-0.0016395450168795837,0.39074899498060084
2015-11-24,armed,,False,False,0.003402848209311509,0.3912056733836316
2015-11-25,armed,,False,False,0.00034821568037871065,0.3880538077825182
2015-11-27,armed,,False,False,0.0023508163175734714,0.3568610569545647
2015-11-30,armed,,False,False,-0.0006102662935650802,0.34853504224706366
2015-12-01,armed,,False,False,0.014746539230270273,0.34903023767173313
2015-12-02,armed,,False,False,-0.007112556394235929,0.3433189132612134
2015-12-03,armed,,False,False,-0.011944324159180912,0.32172990355950726
2015-12-04,armed,,False,False,0.019846254200662154,0.31737044742107906
2015-12-07,armed,,False,False,-0.007871648588192757,0.32855939467116385
2015-12-08,armed,,False,False,-0.004965489027902741,0.33203378730113514
2015-12-09,armed,,False,False,-0.013445775997210151,0.33071739907234426
2015-12-10,armed,,False,False,0.0016252545697591578,0.33050551265465455
2015-12-11,armed,,False,False,-0.01700890344772149,0.3248077676892698
2015-12-14,armed,,False,False,0.000899190991406347,0.3355754914928586
2015-12-15,armed,,False,False,0.013653943650090405,0.3260773969976373
2015-12-16,armed,,False,False,0.01574741429096551,0.3288230724440945
2015-12-17,armed,,False,False,-0.012238725659280861,0.3268512765875258
2015-12-18,armed,,False,False,-0.017530635858726717,0.3306942612490526
2015-12-21,armed,,False,False,0.010729429537677684,0.34225767545771085
2015-12-22,armed,,False,False,0.009464582471478945,0.3481427061403834
2015-12-23,armed,,False,False,0.010534280574628874,0.3318733539741357
2015-12-24,armed,,False,False,-0.0006898413273614904,0.33515217571800965
2015-12-28,armed,,False,False,-0.000744530260533758,0.32364475251226216
2015-12-29,armed,,False,False,0.012628838518053982,0.3260016701402708
2015-12-30,armed,,False,False,-0.006295509908618643,0.3257673029424109
2015-12-31,armed,,False,False,-0.011875970216255988,0.31793275675347005
2016-01-04,armed,,False,False,-0.01815198487255194,0.32709986143775654
2016-01-05,armed,,False,False,-0.0020328235781026972,0.3381593660590197
2016-01-06,armed,,False,False,-0.016402754245597444,0.3383655133637625
2016-01-07,armed,,False,False,-0.027869463693115715,0.34555577300074514
2016-01-08,armed,,False,False,-0.015831830946247044,0.3701073729306552
2016-01-11,armed,,False,False,0.0030184959141323735,0.3759489052548529
2016-01-12,armed,,False,False,0.013262640141960474,0.37977979854869015
2016-01-13,armed,,False,False,-0.028614983458439543,0.38354716898771585
2016-01-14,armed,,False,False,0.01595093162292188,0.40468819659919025
2016-01-15,armed,,False,False,-0.027416081664073617,0.4107631263815923
2016-01-19,armed,,False,False,-0.003054149472280769,0.43053385345853556
2016-01-20,armed,,False,False,-0.008710923360921429,0.43809165989914645
2016-01-21,armed,,False,False,0.005848301675937983,0.4288461623062036
2016-01-22,armed,,False,False,0.0189593688475005,0.427083685156136
2016-01-25,armed,,False,False,-0.015051377866619767,0.43951094499116217
2016-01-26,armed,,False,False,0.015547771644776796,0.44999137828423796
2016-01-27,armed,,False,False,-0.013849684479378,0.44632494231493525
2016-01-28,armed,,False,False,0.0030096837034967305,0.44652157703201556
2016-01-29,armed,,False,False,0.03194812579871455,0.4275736927667845
2016-02-01,armed,,False,False,0.0029108956402886365,0.4426418242729459
2016-02-02,armed,,False,False,-0.027137357907557925,0.44172694120318984
2016-02-03,armed,,False,False,0.008518125834858049,0.45376307650459097
2016-02-04,armed,,False,False,0.00788398960400769,0.4492411699121427
2016-02-05,armed,,False,False,-0.029795538673000187,0.452432516534973
2016-02-08,armed,,False,False,-0.024596380014155234,0.4523375385819494
2016-02-09,armed,,False,False,-0.0027505309687609024,0.45080049881248285
2016-02-10,armed,,False,False,9.059204856503959e-05,0.44903786198104734
2016-02-11,armed,,False,False,-0.00968883207321966,0.44287117381099866
2016-02-12,armed,,False,False,0.02028836191766327,0.4338989024212003
2016-02-16,armed,,False,False,0.02420035748880945,0.4321171071743444
2016-02-17,armed,,False,False,0.025593837357229244,0.4427395429790802
2016-02-18,armed,,False,False,-0.006298797047032954,0.4489177517750255
2016-02-19,armed,,False,False,0.0036310912881661,0.4463661014605285
2016-02-22,armed,,False,False,0.01622380390910479,0.44440152323733184
2016-02-23,armed,,False,False,-0.014359025662134027,0.44975384596163437
2016-02-24,armed,,False,False,0.006942527893319277,0.4534655477500128
2016-02-25,armed,,False,False,0.014205945525232135,0.45383411419455316
2016-02-26,armed,,False,False,0.0011425546989929387,0.45490658811883516
2016-02-29,armed,,False,False,-0.005574828849251819,0.4524915522549352
2016-03-01,armed,,False,False,0.027346777165364617,0.4493440186596367
2016-03-02,armed,,False,False,0.005608825529202836,0.4614206438331723
2016-03-03,armed,,False,False,0.0008832469037187672,0.46253087677623034
2016-03-04,armed,,False,False,0.0021684338990720243,0.4529771980104656
2016-03-07,armed,,False,False,0.0014165379947782362,0.45181921952794946
2016-03-08,armed,,False,False,-0.015726468992242663,0.45161586008255755
2016-03-09,armed,,False,False,0.008085295448363955,0.44983976590109553
2016-03-10,armed,,False,False,8.769160579504692e-05,0.4522682602022927
2016-03-11,armed,,False,False,0.020454632635258613,0.44887791121289305
2016-03-14,armed,,False,False,-0.002098476470646305,0.4570196345190823
2016-03-15,armed,,False,False,-0.0044640384089541015,0.4558100940150737
2016-03-16,armed,,False,False,0.007919525479103648,0.4508504937141966
2016-03-17,armed,,False,False,0.008595137628673493,0.45057170886583575
2016-03-18,armed,,False,False,0.010681562095788551,0.4448652917696405
2016-03-21,armed,,False,False,0.00235437741171296,0.44158357923247477
2016-03-22,armed,,False,False,0.0006149644134465348,0.4403012825555247
2016-03-23,armed,,False,False,-0.010691743071370122,0.4377466861318557
2016-03-24,armed,,False,False,0.001632458645982682,0.43735986556137235
2016-03-28,armed,,False,False,-0.0008955267983545394,0.4358010012982113
2016-03-29,armed,,False,False,0.012472791516195127,0.4322014145154083
2016-03-30,armed,,False,False,0.004598390871894585,0.4334452475037909
2016-03-31,armed,,False,False,4.1160111927425816e-05,0.43014866705963883
2016-04-01,armed,,False,False,0.006243833024537456,0.42369146028834437
2016-04-04,armed,,False,False,-0.004008004618060583,0.4246134232274112
2016-04-05,armed,,False,False,-0.008174443534680227,0.42358942417297746
2016-04-06,armed,,False,False,0.010574155458196613,0.40677417265068866
2016-04-07,armed,,False,False,-0.015114379223918794,0.40268688850841744
2016-04-08,armed,,False,False,0.002810806691516848,0.41054514667941483
2016-04-11,armed,,False,False,-0.0016812561808847212,0.4129171546687414
2016-04-12,armed,,False,False,0.004862097731099448,0.39489077127022426
2016-04-13,armed,,False,False,0.01602575786160415,0.3926203377985761
2016-04-14,armed,,False,False,-0.004995113480522968,0.37818734038854035
2016-04-15,armed,,False,False,-0.006411967067842491,0.37921625900219685
2016-04-18,armed,,False,False,0.005339423830459928,0.38097848222962644
2016-04-19,armed,,False,False,-0.005059742586268921,0.3852066705329071
2016-04-20,armed,,False,False,0.0044001428420906985,0.3758236687593083
2016-04-21,armed,,False,False,-0.002213850210563518,0.36769569535404534
2016-04-22,halt_new_entries,magnitude,True,False,0.008458674061592814,0.36724147200457746
2016-04-25,halt_new_entries,,False,False,-0.004043667741674542,0.35789235790496665
2016-04-26,halt_new_entries,,False,False,0.004380071084498227,0.3726595025156219
2016-04-27,armed,,False,False,0.0033908379680139735,0.3492290892624696
2016-04-28,armed,,False,False,-0.013702086379251752,0.34796263679784983
2016-04-29,armed,,False,False,-0.01271802798762552,0.3307083932851803
2016-05-02,armed,,False,False,0.007483455649940187,0.3348264819253733
2016-05-03,armed,,False,False,-0.012926986460183391,0.33920755878798936
2016-05-04,armed,,False,False,-0.010625411603961328,0.32825000927432646
2016-05-05,armed,,False,False,-0.0017772869017563444,0.3280243176812952
2016-05-06,armed,,False,False,0.004615859435394337,0.3304800728916445
2016-05-09,armed,,False,False,-0.002304638250580939,0.33395054311884775
2016-05-10,armed,,False,False,0.013453257573889333,0.339594250323139
2016-05-11,armed,,False,False,-0.007138287578034414,0.3378202872155123
2016-05-12,armed,,False,False,-0.0072714390085893855,0.32743439702915106
2016-05-13,armed,,False,False,-0.0036844581547815936,0.30969570599343754
2016-05-16,armed,,False,False,0.010928785869894667,0.31120650184337084
2016-05-17,armed,,False,False,-0.007494595740258306,0.31927007250118933
2016-05-18,armed,,False,False,0.008782171663194073,0.3161487792643759
2016-05-19,armed,,False,False,-0.004462054330554072,0.3074866852648027
2016-05-20,armed,,False,False,0.014952584152954508,0.30485143143885657
2016-05-23,armed,,False,False,0.0023801533777425884,0.2997344801986977
2016-05-24,armed,,False,False,0.017762729714327984,0.30259738084023463
2016-05-25,armed,,False,False,0.007864358046257496,0.3120927734099694
2016-05-26,armed,,False,False,0.004513859399959196,0.28494620844769
2016-05-27,armed,,False,False,0.0051648065382702436,0.28520245943028216
2016-05-31,armed,,False,False,0.0025698537395689204,0.2885787571101862
2016-06-01,armed,,False,False,0.0026703531603175634,0.28938757625199424
2016-06-02,armed,,False,False,0.004664940947695661,0.29364937606335595
2016-06-03,armed,,False,False,-0.0029478936691261625,0.2828540495591874
2016-06-06,armed,,False,False,0.004767954245579489,0.2805373066904505
2016-06-07,armed,,False,False,0.003434619188637066,0.2800886734848822
2016-06-08,armed,,False,False,0.0016571513547485525,0.26679820354424505
2016-06-09,armed,,False,False,-0.0025829048702040187,0.2674480161317907
2016-06-10,armed,,False,False,-0.01430058587305392,0.2683999481844618
2016-06-13,armed,,False,False,-0.007729954012029043,0.27666447538735783
2016-06-14,armed,,False,False,0.00017544877478729848,0.2808253682357143
2016-06-15,armed,,False,False,0.0010322977860801434,0.27855508817873015
2016-06-16,armed,,False,False,0.0034729582709710615,0.2791104655777746
2016-06-17,armed,,False,False,-0.00433542187984122,0.2803136625181535
2016-06-20,armed,,False,False,0.007382439142443735,0.2778133947338534
2016-06-21,armed,,False,False,0.004012065134557772,0.284122348001102
2016-06-22,armed,,False,False,-0.00615756568220387,0.28405045653822075
2016-06-23,armed,,False,False,0.019692896487340843,0.27724590079445666
2016-06-24,armed,,False,False,-0.045501954543517874,0.29116583228007503
2016-06-27,armed,,False,False,-0.029347865663147767,0.36853717168151023
2016-06-28,armed,,False,False,0.023045088580441794,0.38451202380658733
2016-06-29,armed,,False,False,0.020528389535244218,0.4004771380528373
2016-06-30,armed,,False,False,0.011885340673055071,0.4150953769031886
2016-07-01,armed,,False,False,-0.002774465264809324,0.4103353215681109
2016-07-05,armed,,False,False,-0.010771575096337919,0.40204935297773525
2016-07-06,armed,,False,False,0.0053669654869233675,0.4032337512129611
2016-07-07,armed,,False,False,0.005844827597409116,0.40403941910004854
2016-07-08,armed,,False,False,0.020046953667935154,0.40239492829378626
2016-07-11,armed,,False,False,0.006296176907572386,0.40996116743120525
2016-07-12,armed,,False,False,0.013950974515629044,0.41323647668631425
2016-07-13,armed,,False,False,0.0003790499798120711,0.41838796042870646
2016-07-14,armed,,False,False,0.004422040816445051,0.4186270159636989
2016-07-15,armed,,False,False,-0.0003081886858567716,0.4265128994212228
2016-07-18,armed,,False,False,0.00692815112153437,0.43159483900936774
2016-07-19,armed,,False,False,-0.008158364522041621,0.43669643614504183
2016-07-20,armed,,False,False,0.012035326849566704,0.4402571222009697
2016-07-21,armed,,False,False,-0.007840785070926134,0.4375103218872446
2016-07-22,armed,,False,False,0.008359758344440868,0.44338444299218077
2016-07-25,armed,,False,False,0.005188310024458121,0.45101774183762355
2016-07-26,armed,,False,False,0.008657454239511215,0.4495398599847815
2016-07-27,armed,,False,False,0.00012933025458063303,0.4490880125221203
2016-07-28,armed,,False,False,0.0006395231818316621,0.4439993488297808
2016-07-29,armed,,False,False,-0.0033016068865458163,0.43526281250210996
2016-08-01,armed,,False,False,-0.00035534852525588405,0.4269941233896413
2016-08-02,armed,,False,False,-0.009972925725504832,0.4252550690099888
2016-08-03,armed,,False,False,0.0037960900388322,0.42711281404986046
2016-08-04,armed,,False,False,0.004575156129363574,0.4264875843318927
2016-08-05,armed,,False,False,0.013265889229844147,0.4219512602810249
2016-08-08,armed,,False,False,-0.0010837531764839627,0.4216905492010357
2016-08-09,armed,,False,False,0.0027310212554872374,0.4227232793619589
2016-08-10,armed,,False,False,-0.007368872878958061,0.4275344054065147
2016-08-11,armed,,False,False,0.005497219530105948,0.42036497034438836
2016-08-12,armed,,False,False,0.002753262243923719,0.41741661919896067
2016-08-15,armed,,False,False,0.0074988461956524526,0.4198689912958759
2016-08-16,armed,,False,False,-0.004190580856110923,0.4258218790538338
2016-08-17,armed,,False,False,-0.0015246242258170357,0.43030420378947837
2016-08-18,armed,,False,False,0.0049059445231024,0.43025087001632345
2016-08-19,armed,,False,False,0.00477838325582042,0.41950048953480995
2016-08-22,armed,,False,False,-0.0016101723628224101,0.41617640479676904
2016-08-23,armed,,False,False,0.003914273212905854,0.4179120478937817
2016-08-24,armed,,False,False,-0.006946353452403304,0.4198199392752812
2016-08-25,armed,,False,False,0.00228301008273569,0.4236870750965153
2016-08-26,armed,,False,False,0.0025081862889509378,0.42304577148057976
2016-08-29,armed,,False,False,0.004757803471355289,0.42901933170528667
2016-08-30,armed,,False,False,-0.0011374955299550263,0.43306700713141816
2016-08-31,armed,,False,False,-0.003176606684840701,0.43557482116245305
2016-09-01,armed,,False,False,0.0029561695545873377,0.4369567093032657
2016-09-02,armed,,False,False,0.003325472806514282,0.4334509554705742
2016-09-06,armed,,False,False,0.004720688175865298,0.43330754123507287
2016-09-07,armed,,False,False,0.0020088952391506877,0.42491038732603187
2016-09-08,armed,,False,False,-0.003658289214394924,0.41914416820192063
2016-09-09,armed,,False,False,-0.024188462530365582,0.42123753366781425
2016-09-12,armed,,False,False,0.015114868895445692,0.44987443853164616
2016-09-13,armed,,False,False,-0.013529574631499381,0.4585489677418627
2016-09-14,armed,,False,False,0.0026688225016203134,0.46880125350051266
2016-09-15,armed,,False,False,0.013972753042794604,0.46720264533647904
2016-09-16,armed,,False,False,-0.0015257516880408653,0.47244901158474845
2016-09-19,armed,,False,False,0.0009477438742472208,0.4708574585738756
2016-09-20,armed,,False,False,-0.0008897363438751249,0.4606203401155731
2016-09-21,armed,,False,False,0.012377821459919768,0.386324666936768
2016-09-22,armed,,False,False,0.005904821849297531,0.3566738630765224
2016-09-23,armed,,False,False,-0.00567568976408519,0.33648200432265063
2016-09-26,armed,,False,False,-0.007916387346038119,0.31924773897232306
2016-09-27,armed,,False,False,0.01301661417160993,0.32720396068053864
2016-09-28,armed,,False,False,0.004230260075498459,0.33733033637587073
2016-09-29,armed,,False,False,-0.005601534016565075,0.33172053379128635
2016-09-30,armed,,False,False,0.010561367501309997,0.33197053644986313
2016-10-03,armed,,False,False,-0.0018118930181416175,0.3386625600687393
2016-10-04,armed,,False,False,-0.0020220705550161363,0.31785737624443067
2016-10-05,armed,,False,False,0.007612748527896572,0.3168381856668676
2016-10-06,armed,,False,False,0.0015738301902806853,0.3157146328952459
2016-10-07,armed,,False,False,-0.0027343909241768385,0.31335055520001337
2016-10-10,armed,,False,False,0.00447364804052391,0.3148962977252625
2016-10-11,armed,,False,False,-0.017273199925163078,0.31371121980949657
2016-10-12,armed,,False,False,-0.0021014143492347616,0.3309792378124033
2016-10-13,armed,,False,False,-0.0069394387667201735,0.33776001028255764
2016-10-14,armed,,False,False,0.0038861190566942074,0.34208538351648066
2016-10-17,armed,,False,False,-0.004982043955502224,0.3413053320022921
2016-10-18,armed,,False,False,0.011189557995036549,0.3420910737792416
2016-10-19,armed,,False,False,0.0031782165940903422,0.3428882981931969
2016-10-20,armed,,False,False,0.000390505294626132,0.3450712095758887
2016-10-21,armed,,False,False,-0.0008777265276349059,0.3475062528029037
2016-10-24,armed,,False,False,0.010703642727128662,0.3503329088508649
2016-10-25,armed,,False,False,-0.002771787686820737,0.36137487355031545
2016-10-26,armed,,False,False,0.0018854674894051768,0.3519605885812722
2016-10-27,armed,,False,False,-0.0010303960610845537,0.344159433616594
2016-10-28,armed,,False,False,-0.000985365285123083,0.34100301336144595
2016-10-31,armed,,False,False,-0.0013266219707132264,0.32815960832337654
2016-11-01,armed,,False,False,-0.007818701152974662,0.31843258756332987
2016-11-02,armed,,False,False,-0.007846347918708649,0.3207111843031555
2016-11-03,armed,,False,False,-0.0044295944011375045,0.3220594773479311
2016-11-04,armed,,False,False,-0.0029822705343579303,0.3235623676074277
2016-11-07,armed,,False,False,0.027370836013675723,0.32196696751933346
2016-11-08,armed,,False,False,0.004906151502963347,0.368156794444881
2016-11-09,armed,,False,False,0.0077871453410684,0.36589533284991965
2016-11-10,armed,,False,False,-0.00567809872733583,0.3507023339227943
2016-11-11,armed,,False,False,0.013180033431804801,0.3308397556800595
2016-11-14,armed,,False,False,-0.00130026920907685,0.3233475028817678
2016-11-15,armed,,False,False,0.01071201079059755,0.31800901912680296
2016-11-16,armed,,False,False,0.003796779459944923,0.3195247649511056
2016-11-17,armed,,False,False,0.009034723083907632,0.3188015490999191
2016-11-18,armed,,False,False,0.0029512126756983644,0.3123427608285009
2016-11-21,armed,,False,False,0.0077575125996579425,0.3086558124927077
2016-11-22,armed,,False,False,0.0023791377988430177,0.3085131846204443
2016-11-23,armed,,False,False,-0.000906728086032999,0.3024324214021594
2016-11-25,armed,,False,False,0.00456320463110401,0.2991391988672613
2016-11-28,armed,,False,False,-0.0061573563045676455,0.29942537574177136
2016-11-29,armed,,False,False,1.543532227187027e-05,0.3036142996448728
2016-11-30,armed,,False,False,-0.003824571501049037,0.3025552630810955
2016-12-01,armed,,False,False,-0.020822921969984233,0.3017262569215493
2016-12-02,armed,,False,False,0.003430782434030267,0.3092767654115492
2016-12-05,armed,,False,False,0.011170710132243453,0.3093068283843931
2016-12-06,armed,,False,False,0.0066852210977969215,0.28125375908461325
2016-12-07,armed,,False,False,0.018650999596996842,0.27076018549711833
2016-12-08,armed,,False,False,0.008302483121026251,0.273321633200064
2016-12-09,armed,,False,False,0.000963036851849742,0.2708172912636249
2016-12-12,armed,,False,False,-0.003554523301171234,0.26101245226569425
2016-12-13,armed,,False,False,0.008856518140389512,0.2616652866541926
2016-12-14,armed,,False,False,-0.005296947574037319,0.2637588348477855
2016-12-15,armed,,False,False,0.008022965593293296,0.26511067404159505
2016-12-16,armed,,False,False,-0.00662609904554804,0.2617535914346671
2016-12-19,armed,,False,False,0.005800818705993741,0.26131412231294576
2016-12-20,armed,,False,False,0.00636145616472681,0.25979194427674845
2016-12-21,armed,,False,False,-0.0022449502676533824,0.25677353085835647
2016-12-22,armed,,False,False,-0.0010517327140072098,0.2529708630960601
2016-12-23,armed,,False,False,0.0033707857958917447,0.2519132597046871
2016-12-27,armed,,False,False,0.005378219276939098,0.2526273626517687
2016-12-28,armed,,False,False,-0.011747798454304206,0.250531339867136
2016-12-29,armed,,False,False,-0.0016518489715399256,0.2561740781054917
2016-12-30,armed,,False,False,-0.007225690842899079,0.25587375681938385
2017-01-03,armed,,False,False,0.007748673115529613,0.25901120124256494
2017-01-04,armed,,False,False,0.006388690068177114,0.2612652859950164
2017-01-05,armed,,False,False,-0.0012945984886520664,0.26044732225339534
2017-01-06,armed,,False,False,0.004983420130802543,0.2611829839506244
2017-01-09,armed,,False,False,0.0005933641773979054,0.24953784831557657
2017-01-10,armed,,False,False,0.0011828552167196804,0.24892319430504053
2017-01-11,armed,,False,False,0.002953645796729495,0.24645394120254593
2017-01-12,armed,,False,False,-0.004180535097344806,0.24654947490761572
2017-01-13,armed,,False,False,0.005615155364986357,0.24570623683682266
2017-01-17,armed,,False,False,-0.012247568730724112,0.24811430458779668
2017-01-18,armed,,False,False,0.005055067001088239,0.25318132077264177
2017-01-19,armed,,False,False,-0.0015705947984986624,0.2549957459745484
2017-01-20,armed,,False,False,0.005346260940752398,0.25776566589791344
2017-01-23,armed,,False,False,-0.002029046157905201,0.2555058055495366
2017-01-24,armed,,False,False,0.017672494197928913,0.25380081144592115
2017-01-25,armed,,False,False,0.014601235215527203,0.25910189682963203
2017-01-26,armed,,False,False,-0.0018804430317394564,0.26241342210234536
2017-01-27,armed,,False,False,0.0036859523549637447,0.26619183593457196
2017-01-30,armed,,False,False,-0.006445894800460995,0.2641304295433629
2017-01-31,armed,,False,False,-0.003094437190625825,0.26302319642906635
2017-02-01,armed,,False,False,0.004188833427849498,0.2601738103246635
2017-02-02,armed,,False,False,0.0012880904307408668,0.25493915659517424
2017-02-03,armed,,False,False,0.008018596313626367,0.2528115114885807
2017-02-06,armed,,False,False,-0.0001851623055084786,0.23252327216238627
2017-02-07,armed,,False,False,0.0033906663213280476,0.23416963087532702
2017-02-08,armed,,False,False,0.003253007492919876,0.23490980054657376
2017-02-09,armed,,False,False,0.004744174182769474,0.22882507954838222
2017-02-10,armed,,False,False,0.00244759599751028,0.23012977746490373
2017-02-13,armed,,False,False,0.006172747813396521,0.23216446582292485
2017-02-14,armed,,False,False,0.002951681580496573,0.23231933848469372
2017-02-15,armed,,False,False,0.0058762429294306594,0.23346983227284146
2017-02-16,armed,,False,False,-0.0005708637502973346,0.23448520979655876
2017-02-17,armed,,False,False,0.004654140483963617,0.23789059952263986
2017-02-21,armed,,False,False,0.00988422666500524,0.23629616590266211
2017-02-22,armed,,False,False,-0.0013148952997759243,0.2407323971813462
2017-02-23,armed,,False,False,-0.0043893610962776825,0.24201456628572915
2017-02-24,armed,,False,False,0.001463872593659492,0.2410289115399593
2017-02-27,armed,,False,False,0.000611538364543278,0.23702418520932517
2017-02-28,armed,,False,False,-0.00410448767924841,0.23707281531256102
2017-03-01,armed,,False,False,0.012402397438223217,0.23679140536657778
2017-03-02,armed,,False,False,-0.008146431702190177,0.23058127505766382
2017-03-03,armed,,False,False,-0.0007004916935854657,0.23709358362831456
2017-03-06,armed,,False,False,-0.002063490820299041,0.23585332624129685
2017-03-07,armed,,False,False,0.0002066237194642854,0.23862882450761683
2017-03-08,armed,,False,False,-0.0017250506951358982,0.21980917471190753
2017-03-09,armed,,False,False,-0.0003299395169071065,0.22218437575000274
2017-03-10,armed,,False,False,0.006611624938443,0.22499310188101188
2017-03-13,armed,,False,False,0.0021451033447935967,0.22381142718305475
2017-03-14,armed,,False,False,-0.003901244369165345,0.2206367934033644
2017-03-15,armed,,False,False,0.007818438305783292,0.2186770282858981
2017-03-16,armed,,False,False,0.0021668472809760306,0.22089449176398038
2017-03-17,armed,,False,False,0.0003618103504818359,0.2152725168247598
2017-03-20,armed,,False,False,0.0014536718721409295,0.21392190384675974
2017-03-21,armed,,False,False,-0.01870366571875546,0.2126853319129473
2017-03-22,armed,,False,False,0.0073645694024599495,0.23610993852736023
2017-03-23,armed,,False,False,-0.0015102637388203842,0.23982336859311568
2017-03-24,armed,,False,False,0.0031300469988767153,0.23861736164281064
2017-03-27,armed,,False,False,0.0009298443954892518,0.23667983152932345
2017-03-28,armed,,False,False,0.006270627429302585,0.22746366057980982
2017-03-29,armed,,False,False,0.00018714935698486914,0.22734007813071447
2017-03-30,armed,,False,False,0.0039394450122618475,0.22182243753329048
2017-03-31,armed,,False,False,-0.0036583216465679346,0.21924082446105883
2017-04-03,armed,,False,False,-0.002781240717279338,0.22138878581918964
2017-04-04,armed,,False,False,-0.00010973126127337568,0.22231940252618268
2017-04-05,armed,,False,False,-0.005412946794839401,0.2218418595750933
2017-04-06,armed,,False,False,0.0025940757059689404,0.22297545828477422
2017-04-07,armed,,False,False,0.0004293613627664083,0.22403408343554984
2017-04-10,armed,,False,False,-0.001683175479563928,0.22565656921351696
2017-04-11,armed,,False,False,-0.0026652789781365896,0.22475520109050726
2017-04-12,armed,,False,False,-0.008752453699115736,0.22509525999195343
2017-04-13,armed,,False,False,-0.006081741038438192,0.2244649572658598
2017-04-17,armed,,False,False,0.010227098093496817,0.22875278533384802
2017-04-18,armed,,False,False,-0.0014625299315058865,0.23627270606704148
2017-04-19,armed,,False,False,-0.0008074568607937487,0.23501430652838473
2017-04-20,armed,,False,False,0.010430590603047456,0.23486470035679965
2017-04-21,armed,,False,False,-0.0027220941180873736,0.23044887992091379
2017-04-24,armed,,False,False,0.014753782508881352,0.22483720610122493
2017-04-25,armed,,False,False,0.009942462256443619,0.24257413057705243
2017-04-26,armed,,False,False,-0.008091703862842825,0.2524193587281181
2017-04-27,armed,,False,False,0.007991345443346398,0.24705263995521257
2017-04-28,armed,,False,False,-0.0031043909262229016,0.24646306331168766
2017-05-01,armed,,False,False,0.005802896094953466,0.2466701611265983
2017-05-02,armed,,False,False,-0.006925853239709247,0.24842751173935293
2017-05-03,armed,,False,False,0.0007549497895023477,0.24855794945056703
2017-05-04,armed,,False,False,0.004177784423904396,0.24649621047366638
2017-05-05,armed,,False,False,0.004780667843957044,0.24495622352159774
2017-05-08,armed,,False,False,-0.001261330765503246,0.24654003437326585
2017-05-09,armed,,False,False,0.003365625313448559,0.24594418358728268
2017-05-10,armed,,False,False,0.006680125449389527,0.24599515141968126
2017-05-11,armed,,False,False,-0.0017761719359034819,0.24297783487992952
2017-05-12,armed,,False,False,0.0017324518523937323,0.24422034248600347
2017-05-15,armed,,False,False,0.008235792467614706,0.24199911612779618
2017-05-16,armed,,False,False,0.006046619735533755,0.24585238562578754
2017-05-17,armed,,False,False,-0.030269593115678468,0.24984027682668064
2017-05-18,armed,,False,False,0.005789790356916319,0.30106166231926096
2017-05-19,armed,,False,False,0.00785055352630365,0.29663786553059057
2017-05-22,armed,,False,False,0.009361704510709893,0.3008449148353478
2017-05-23,armed,,False,False,0.0011907950998637353,0.30440591513420207
2017-05-24,armed,,False,False,0.0051391295013133685,0.3068956247749869
2017-05-25,armed,,False,False,0.005907893739148829,0.30622336323188926
2017-05-26,armed,,False,False,0.0027539180477048142,0.29762622865462607
2017-05-30,armed,,False,False,0.001476640659265275,0.29440208464104956
2017-05-31,armed,,False,False,-0.002054513157123447,0.29552117052088617
2017-06-01,armed,,False,False,0.010131769791277365,0.29266627236610876
2017-06-02,armed,,False,False,0.004976726607556083,0.2877934471020082
2017-06-05,armed,,False,False,0.0003607538482681318,0.28575269599931935
2017-06-06,armed,,False,False,0.0026281593933579275,0.28522035080495456
2017-06-07,armed,,False,False,0.004256007394170518,0.2831214698110972
2017-06-08,armed,,False,False,0.005769909426149467,0.28412369431085904
2017-06-09,armed,,False,False,-0.018599762648713932,0.280263265626256
2017-06-12,armed,,False,False,-0.0022747827686097765,0.2785476350901461
2017-06-13,armed,,False,False,0.008010675425966096,0.2815278025278678
2017-06-14,armed,,False,False,-0.004404084135540679,0.28569200400080375
2017-06-15,armed,,False,False,-0.004936092102880781,0.2857913912621812
2017-06-16,armed,,False,False,0.0002697599637941694,0.26760330759943335
2017-06-19,armed,,False,False,0.011668194670026484,0.2638292798929865
2017-06-20,armed,,False,False,-0.006606293222931241,0.2700138474995981
2017-06-21,armed,,False,False,0.005431117248799524,0.27457085862853586
2017-06-22,armed,,False,False,0.0006028929433619016,0.2733093780906429
2017-06-23,armed,,False,False,0.0050589016929879155,0.2644720331490799
2017-06-26,armed,,False,False,-0.0036713515516710376,0.2633817578002322
2017-06-27,armed,,False,False,-0.01593292168188832,0.2637251590993579
2017-06-28,armed,,False,False,0.012742216031507079,0.27049465874545886
2017-06-29,armed,,False,False,-0.015179663728026784,0.27804266352798707
2017-06-30,armed,,False,False,-0.002793906909426857,0.28628559900222783
2017-07-03,armed,,False,False,-0.004906710326504271,0.2853905806503589
2017-07-05,armed,,False,False,0.00848695355499432,0.28471200190007123
2017-07-06,armed,,False,False,-0.00861431001127886,0.28532657189874727
2017-07-07,armed,,False,False,0.011730809070627747,0.2889109278805303
2017-07-10,armed,,False,False,0.004976409395768275,0.29229049702262183
2017-07-11,armed,,False,False,0.0046052673919373555,0.2890573532731563
2017-07-12,armed,,False,False,0.010670190682197496,0.2853249220489264
2017-07-13,armed,,False,False,0.00040959610614664884,0.2848837014693301
2017-07-14,armed,,False,False,0.007084015680820676,0.2860628825038107
2017-07-17,armed,,False,False,-0.0026440704767335997,0.2886618678692383
2017-07-18,armed,,False,False,0.0039556143078544916,0.2854116758881615
2017-07-19,armed,,False,False,0.005755395113456523,0.2809576070125837
2017-07-20,armed,,False,False,0.0013641026389147257,0.2736504802092443
2017-07-21,armed,,False,False,-0.003059878817191743,0.271559935671127
2017-07-24,armed,,False,False,0.0029468912281712853,0.2731353447811102
2017-07-25,armed,,False,False,-4.9448009296681173e-05,0.275074837704252
2017-07-26,armed,,False,False,0.003568027311034892,0.2735781624294611
2017-07-27,armed,,False,False,-0.008147241640974981,0.2669970731501582
2017-07-28,armed,,False,False,-0.00441680838822573,0.26947904376042514
2017-07-31,armed,,False,False,-0.0015567330152840902,0.26699313341833525
2017-08-01,armed,,False,False,0.004677786443937273,0.2680838187990851
2017-08-02,armed,,False,False,-0.004940208320691662,0.26882339610240064
2017-08-03,armed,,False,False,-0.0010862340202301931,0.26649503810367564
2017-08-04,armed,,False,False,0.0033231104169161446,0.2661855726497718
2017-08-07,armed,,False,False,0.006387991586599759,0.2652475023313894
2017-08-08,armed,,False,False,-0.0023861450567042664,0.26452038471575073
2017-08-09,armed,,False,False,-0.0032262748293470514,0.26555288855624565
2017-08-10,armed,,False,False,-0.02028549972927105,0.2616672887416179
2017-08-11,armed,,False,False,0.004811578467134654,0.2770962955666468
2017-08-14,armed,,False,False,0.016428059299011418,0.2531152795555343
2017-08-15,armed,,False,False,-0.0007223291038119072,0.262789828865581
2017-08-16,armed,,False,False,0.002679498745160095,0.26139388547573805
2017-08-17,armed,,False,False,-0.019440287467366934,0.2594833571274383
2017-08-18,armed,,False,False,0.0002449351214401536,0.2721120373952492
2017-08-21,armed,,False,False,-0.0016873818793802999,0.27477189085316756
2017-08-22,armed,,False,False,0.015210374262169871,0.2721036826211659
2017-08-23,armed,,False,False,-0.0009964997521066652,0.2792399510080929
2017-08-24,armed,,False,False,-0.00041065754306248364,0.27887560556503216
2017-08-25,armed,,False,False,0.00021747761188226975,0.2797357118873226
2017-08-28,armed,,False,False,0.001896529237535475,0.2838794640582556
2017-08-29,armed,,False,False,0.002182998154222985,0.2859323653639267
2017-08-30,armed,,False,False,0.009380021136787918,0.287729036802891
2017-08-31,armed,,False,False,0.003878572025045234,0.28939933836023424
2017-09-01,armed,,False,False,0.005549331263017392,0.2860307511075109
2017-09-05,armed,,False,False,-0.007796440736761572,0.28410168324797413
2017-09-06,armed,,False,False,0.002337327561485117,0.283885832525653
2017-09-07,armed,,False,False,0.0016284580021164003,0.28422849536413985
2017-09-08,armed,,False,False,-0.0053783831553811876,0.27769962226651157
2017-09-11,armed,,False,False,0.01471200825724563,0.2776878691812885
2017-09-12,armed,,False,False,0.004755423060778915,0.2873999541529793
2017-09-13,armed,,False,False,0.001500312398300147,0.2883435655152767
2017-09-14,armed,,False,False,-0.000137305127276892,0.28291322128706087
2017-09-15,armed,,False,False,0.003480668400391316,0.2795181185376411
2017-09-18,armed,,False,False,0.0055749249567169186,0.2782475198326276
2017-09-19,armed,,False,False,0.0017076899993342422,0.280319157883257
2017-09-20,armed,,False,False,-0.002533047588426911,0.2796956513028226
2017-09-21,armed,,False,False,-0.0024082536027092154,0.27660491519488534
2017-09-22,armed,,False,False,0.002493641432747935,0.26583558951226843
2017-09-25,armed,,False,False,-0.0129591084426781,0.25690188903617783
2017-09-26,armed,,False,False,-9.48046988143086e-05,0.2537566253565997
2017-09-27,armed,,False,False,0.013560555991248386,0.2532682574525295
2017-09-28,armed,,False,False,0.003101515031174966,0.2578139474840291
2017-09-29,armed,,False,False,0.0049361696837114475,0.25674421742004994
2017-10-02,armed,,False,False,0.005679242909329341,0.25075119495077464
2017-10-03,armed,,False,False,0.002419507352731622,0.24476443819484675
2017-10-04,armed,,False,False,0.0018221902428355898,0.24510604161073038
2017-10-05,armed,,False,False,0.00532444332725591,0.24504802910220352
2017-10-06,armed,,False,False,0.002149584226434537,0.24090882131137897
2017-10-09,armed,,False,False,0.0003309751795301369,0.24131844054973903
2017-10-10,armed,,False,False,0.00386031194222769,0.24019550153782315
2017-10-11,armed,,False,False,0.0025045391723450927,0.23929957148756245
2017-10-12,armed,,False,False,-0.0010635804386923977,0.24177526026495647
2017-10-13,armed,,False,False,0.002736561680123209,0.24004051012749916
2017-10-16,armed,,False,False,0.0011069579873559882,0.24115460471591915
2017-10-17,armed,,False,False,7.987522550413095e-06,0.2396778306715962
2017-10-18,armed,,False,False,0.004047912810570205,0.23863426882476407
2017-10-19,armed,,False,False,0.0005540641006565808,0.24179188495961532
2017-10-20,armed,,False,False,0.007749031790336179,0.24277829415799057
2017-10-23,armed,,False,False,0.0006443673898154248,0.24590573137474933
2017-10-24,armed,,False,False,0.0053904910519753544,0.24407512891315641
2017-10-25,armed,,False,False,-0.008856131037904441,0.2425686154313495
2017-10-26,armed,,False,False,0.0034623770063248777,0.24316194453148338
2017-10-27,armed,,False,False,0.008699949297490012,0.243795928234527
2017-10-30,armed,,False,False,-0.004202588405571272,0.23518799415144334
2017-10-31,armed,,False,False,0.004093218828308933,0.24117862798814663
2017-11-01,armed,,False,False,-0.00035373466921748186,0.23886009853941137
2017-11-02,armed,,False,False,-0.0034335709393580175,0.23553148721075295
2017-11-03,armed,,False,False,0.007952742691561255,0.23298357996265356
2017-11-06,armed,,False,False,0.004349359132868035,0.20455378867580207
2017-11-07,armed,,False,False,-0.0025541021802548127,0.20389245498015743
2017-11-08,armed,,False,False,0.004679028196805049,0.19170688650560266
2017-11-09,armed,,False,False,-0.009460507325563102,0.1905435614226349
2017-11-10,armed,,False,False,0.005672082175982028,0.1964782573705287
2017-11-13,armed,,False,False,0.0007232355460055979,0.1745562894347471
2017-11-14,armed,,False,False,-0.0018963999235306133,0.17369694151828804
2017-11-15,armed,,False,False,-0.005125320589172826,0.1743524661238136
2017-11-16,armed,,False,False,0.014022203839872299,0.16701883275861926
2017-11-17,armed,,False,False,-0.0028391719742060706,0.17245928518320044
2017-11-20,armed,,False,False,0.007015088398741606,0.17313367083705378
2017-11-21,armed,,False,False,0.009828307060045333,0.1747960677303836
2017-11-22,armed,,False,False,-0.002355762963829111,0.1745991965032343
2017-11-24,armed,,False,False,0.003923697606778912,0.17596517675807394
2017-11-27,armed,,False,False,-0.003219831191533141,0.1743781595749232
2017-11-28,armed,,False,False,0.006825505775924191,0.17497913367726278
2017-11-29,armed,,False,False,-0.019697553585308954,0.17465842439229665
2017-11-30,armed,,False,False,0.00693028670134628,0.1860588183456223
2017-12-01,armed,,False,False,-0.005010930408501887,0.18650846139255794
2017-12-04,armed,,False,False,-0.01471969861157561,0.18824008131264952
2017-12-05,armed,,False,False,-0.0002625920416760378,0.1987989454257267
2017-12-06,armed,,False,False,0.0026991957412430675,0.19589481721367025
2017-12-07,armed,,False,False,0.006408873118228057,0.19664304723448262
2017-12-08,armed,,False,False,0.00568029218807266,0.1972814994429238
2017-12-11,armed,,False,False,0.006439848586301989,0.19723320930229954
2017-12-12,armed,,False,False,0.0003309141520636276,0.20055298479671435
2017-12-13,armed,,False,False,0.0013787508663081222,0.20297314968324423
2017-12-14,armed,,False,False,-0.0019500888890700725,0.20239566626337177
2017-12-15,armed,,False,False,0.009861176240191947,0.20234233351401668
2017-12-18,armed,,False,False,0.010481842390779648,0.20107583717334077
2017-12-19,armed,,False,False,-0.0028306578971534144,0.2018522865807377
2017-12-20,armed,,False,False,0.0005355830087955174,0.19561979176368682
2017-12-21,armed,,False,False,-0.0014558249650019565,0.19527278051935626
2017-12-22,armed,,False,False,-0.001517043636078671,0.19552093112650362
2017-12-26,armed,,False,False,-0.004824165857410902,0.19661799365960325
2017-12-27,armed,,False,False,0.0018233157588711203,0.1977397401850721
2017-12-28,armed,,False,False,0.0016338864959437559,0.19854582898907314
2017-12-29,armed,,False,False,-0.00783889576167842,0.19909747191746066
2018-01-02,armed,,False,False,0.015535305964059009,0.20163140998864384
2018-01-03,armed,,False,False,0.011325111688969035,0.20559787547379518
2018-01-04,armed,,False,False,0.005688931531171595,0.20811197403760257
2018-01-05,armed,,False,False,0.008208638825292961,0.20708886582715919
2018-01-08,armed,,False,False,0.007274339882137046,0.2095126177489452
2018-01-09,armed,,False,False,-0.0030679612533748494,0.2095533156693549
2018-01-10,armed,,False,False,-0.0021910975370586735,0.2109772368317141
2018-01-11,armed,,False,False,0.008393707555253488,0.21126518460705052
2018-01-12,armed,,False,False,0.007646533905042273,0.2132356997691156
2018-01-16,armed,,False,False,-0.0013606819007340842,0.21486439680743416
2018-01-17,armed,,False,False,0.014721886882721583,0.21561418971488786
2018-01-18,armed,,False,False,0.0007281457398978495,0.22331882530845606
2018-01-19,armed,,False,False,0.0021961296454552103,0.22260380957895512
2018-01-22,armed,,False,False,0.005157321770861149,0.2235063210389508
2018-01-23,armed,,False,False,0.0044367941036802545,0.2248109133672545
2018-01-24,armed,,False,False,-0.006383269049158595,0.22341056222750677
2018-01-25,armed,,False,False,-0.002200779973076813,0.22565987619550884
2018-01-26,armed,,False,False,0.016466176870690415,0.22941994905429205
2018-01-29,armed,,False,False,-0.006930796711564018,0.23183688035566113
2018-01-30,armed,,False,False,-0.013320569493247694,0.23474034257684473
2018-01-31,armed,,False,False,0.002217972642815913,0.24254538484079546
2018-02-01,armed,,False,False,8.545201742700297e-07,0.24063717662882841
2018-02-02,armed,,False,False,-0.02606195485176565,0.24017503060102252
2018-02-05,armed,,False,False,-0.04487212128573898,0.267804447063089
2018-02-06,armed,,False,False,0.028131548929793505,0.3611143942575504
2018-02-07,armed,,False,False,-0.00512445740922778,0.3776091691590564
2018-02-08,armed,,False,False,-0.04137334188497561,0.37422087948756644
2018-02-09,armed,,False,False,0.019040107026793745,0.4330727338444167
2018-02-12,armed,,False,False,0.015760232152148317,0.43875843728712527
2018-02-13,armed,,False,False,0.003494385545440521,0.4444911905261104
2018-02-14,armed,,False,False,0.01878192662056175,0.44348925768710873
2018-02-15,armed,,False,False,0.014613528973368161,0.45004514908852966
2018-02-16,armed,,False,False,-0.0017156777587942823,0.45238134619137893
2018-02-20,armed,,False,False,0.0007275742983610146,0.44787024574492595
2018-02-21,armed,,False,False,-0.008157113210606026,0.44328189169853993
2018-02-22,armed,,False,False,0.0007452810990971179,0.4452940017296344
2018-02-23,armed,,False,False,0.01724778031068879,0.443999594705265
2018-02-26,armed,,False,False,0.01659912968930236,0.45233287296466973
2018-02-27,armed,,False,False,-0.008720302968399622,0.4586114063010926
2018-02-28,armed,,False,False,-0.007817300095391297,0.46761667517327354
2018-03-01,armed,,False,False,-0.012759095043831771,0.46697744200681746
2018-03-02,armed,,False,False,0.009098042314602196,0.4683709612052154
2018-03-05,armed,,False,False,0.01156862225901623,0.47993575560869206
2018-03-06,armed,,False,False,0.008651840948035856,0.48238427393979877
2018-03-07,armed,,False,False,0.0037311576863179197,0.48105148808636194
2018-03-08,armed,,False,False,0.0038567148045655017,0.4796912373306534
2018-03-09,armed,,False,False,0.020188869200830052,0.47958295696025
2018-03-12,armed,,False,False,0.0032834274612054066,0.48514885783627815
2018-03-13,armed,,False,False,-0.008599095217700295,0.48526081446255204
2018-03-14,armed,,False,False,-0.0023869516372217263,0.4872048372139545
2018-03-15,armed,,False,False,0.000516152562345176,0.48580903098647366
2018-03-16,armed,,False,False,-0.00014364424954444328,0.4862461715416716
2018-03-19,armed,,False,False,-0.016135444692647626,0.48426972735557505
2018-03-20,armed,,False,False,0.0036280668240068277,0.48977269003828144
2018-03-21,armed,,False,False,-0.001527782935066857,0.48339026645829986
2018-03-22,armed,,False,False,-0.029971692919237736,0.4841054117186714
2018-03-23,armed,,False,False,-0.026945785785623247,0.49962095884393565
2018-03-26,armed,,False,False,0.029371761061275398,0.5118204745314627
2018-03-27,armed,,False,False,-0.027210380947669418,0.5209465063231553
2018-03-28,armed,,False,False,-0.011508699569283597,0.5240588312476931
2018-03-29,armed,,False,False,0.01937717559405094,0.5194883686647208
2018-04-02,armed,,False,False,-0.026573301372538494,0.5225920099124328
2018-04-03,armed,,False,False,0.01240540306913201,0.5332895384303519
2018-04-04,armed,,False,False,0.014487413791036423,0.5355400362614788
2018-04-05,armed,,False,False,0.003942733381988985,0.5377364968504406
2018-04-06,armed,,False,False,-0.024329058744138543,0.5363136749093308
2018-04-09,armed,,False,False,0.0026756642238488634,0.546725760836048
2018-04-10,armed,,False,False,0.024905793841664692,0.5470606450422271
2018-04-11,armed,,False,False,-0.002894289313948646,0.5542514928158425
2018-04-12,armed,,False,False,0.01298042189246547,0.5543539935988091
2018-04-13,armed,,False,False,-0.005502432874468882,0.5568607457627022
2018-04-16,armed,,False,False,0.0035725557520725013,0.5550721940505556
2018-04-17,armed,,False,False,0.018324679979442815,0.5549456008383681
2018-04-18,armed,,False,False,-0.0021390551178667155,0.559199706392325
2018-04-19,armed,,False,False,-0.012464951613754507,0.5557828321282677
2018-04-20,armed,,False,False,-0.008435806506977605,0.5547239532048639
2018-04-23,armed,,False,False,-0.006786781743470829,0.5575280533203112
2018-04-24,armed,,False,False,-0.012537623231831663,0.5592722184543923
2018-04-25,armed,,False,False,-0.004531576051313674,0.5592431386424606
2018-04-26,armed,,False,False,0.0184533844998156,0.5556318015743535
2018-04-27,armed,,False,False,-0.002794454751088858,0.5520514683544399
2018-04-30,armed,,False,False,-0.007959673444214974,0.5549351002888003
2018-05-01,armed,,False,False,0.008189943308944536,0.5592614991261238
2018-05-02,armed,,False,False,-0.0029000034662956128,0.5506063981711397
2018-05-03,armed,,False,False,0.0006791747249408,0.5131820924940254
2018-05-04,armed,,False,False,0.01679735569239435,0.5061802341617366
2018-05-07,armed,,False,False,0.008428516945632918,0.509281163727599
2018-05-08,armed,,False,False,0.004154746251439861,0.47355817296920216
2018-05-09,armed,,False,False,0.013004320564791066,0.4695253078311053
2018-05-10,armed,,False,False,0.008561500412626157,0.46815346614453257
2018-05-11,armed,,False,False,-0.0017962427817063073,0.46779110215467984
2018-05-14,armed,,False,False,0.002606205438504542,0.462038980125427
2018-05-15,armed,,False,False,-0.006434015436499311,0.4588575884784731
2018-05-16,armed,,False,False,0.007525195142459199,0.462458432511484
2018-05-17,armed,,False,False,-0.004023101648770586,0.467997629833109
2018-05-18,armed,,False,False,-0.005704609386333911,0.4664702267446802
2018-05-21,armed,,False,False,0.0100171039385717,0.46311417885779393
2018-05-22,armed,,False,False,-0.0007436661642214759,0.45853835927135567
2018-05-23,armed,,False,False,0.0052670278421319905,0.45273751341039276
2018-05-24,armed,,False,False,-0.0010555008528008905,0.44988281921657847
2018-05-25,armed,,False,False,0.00016534816823006514,0.45094882537942194
2018-05-29,armed,,False,False,-0.00936385427784857,0.4482983433564053
2018-05-30,armed,,False,False,0.009898589122385809,0.4489673582029556
2018-05-31,armed,,False,False,-0.007754826296559725,0.44819031188931385
2018-06-01,armed,,False,False,0.01674847862291245,0.4492033665219807
2018-06-04,armed,,False,False,0.005666653487308712,0.4553740780240153
2018-06-05,armed,,False,False,0.003787848298809606,0.45617964627109187
2018-06-06,armed,,False,False,0.010338865532822348,0.4479728564363409
2018-06-07,armed,,False,False,-0.007263193689502062,0.45119915148322487
2018-06-08,armed,,False,False,0.0018319018875573676,0.44717699868479655
2018-06-11,armed,,False,False,0.0019424161715283204,0.4480594701531176
2018-06-12,armed,,False,False,0.004152335038387494,0.4474777843024293
2018-06-13,armed,,False,False,-0.0017262769603567276,0.4492620498086892
2018-06-14,armed,,False,False,0.0020671502179759847,0.44271797535907126
2018-06-15,armed,,False,False,-0.0020830745719199596,0.44613107737540514
2018-06-18,armed,,False,False,-0.001490140511217058,0.4469611255210479
2018-06-19,armed,,False,False,-0.006355581177012332,0.42343835922773426
2018-06-20,armed,,False,False,0.002467069234472007,0.4025338629444516
2018-06-21,armed,,False,False,-0.007043283841016611,0.37899477266998177
2018-06-22,armed,,False,False,-0.004841828971041916,0.360873074810842
2018-06-25,armed,,False,False,-0.02162627470327743,0.3590693391795623
2018-06-26,armed,,False,False,0.006529774141296175,0.3622177638017944
2018-06-27,armed,,False,False,-0.013061632511558688,0.33503114063810796
2018-06-28,armed,,False,False,0.010810589966025741,0.3362231343177304
2018-06-29,armed,,False,False,0.00037849852474439643,0.32997075255282515
2018-07-02,armed,,False,False,0.007249349557075415,0.33122840768075834
2018-07-03,armed,,False,False,-0.011745809969237315,0.3034362766442606
2018-07-05,armed,,False,False,0.012912894038103596,0.30800506280406675
2018-07-06,armed,,False,False,0.009287126343104163,0.2935199630928151
2018-07-09,armed,,False,False,0.010779877074349149,0.29605898802939085
2018-07-10,armed,,False,False,0.005412427229974198,0.2926725015395598
2018-07-11,armed,,False,False,-0.011231174407697195,0.29301089535431074
2018-07-12,armed,,False,False,0.012211100632753097,0.29646214638362506
2018-07-13,armed,,False,False,-0.0026917914265534165,0.2902458275064956
2018-07-16,armed,,False,False,-0.00015456816147124257,0.29485543654043345
2018-07-17,armed,,False,False,0.006583468787491402,0.2928485250932355
2018-07-18,armed,,False,False,0.003332231754124614,0.2882353809147999
2018-07-19,armed,,False,False,-0.006697727816477982,0.2844568811710677
2018-07-20,armed,,False,False,-0.0052426470995572,0.27878229664545806
2018-07-23,armed,,False,False,0.0016690979622788539,0.28477516119842616
2018-07-24,armed,,False,False,0.0014847824811657045,0.28025266411686695
2018-07-25,armed,,False,False,0.011086267229624478,0.2798571906171268
2018-07-26,armed,,False,False,0.004490850945075706,0.27421704808898967
2018-07-27,armed,,False,False,-0.010392532222807241,0.2656501237605583
2018-07-30,armed,,False,False,-0.012366920338984148,0.26721139771002284
2018-07-31,armed,,False,False,0.002129608291475853,0.2722721890748411
2018-08-01,armed,,False,False,7.089691756568219e-05,0.2631844191051549
2018-08-02,armed,,False,False,0.010034982669794282,0.25937059291683545
2018-08-03,armed,,False,False,0.002007699678979915,0.25994772276469186
2018-08-06,armed,,False,False,0.007237350353073136,0.2528021934070523
2018-08-07,armed,,False,False,0.007684804649935548,0.2528934583289847
2018-08-08,armed,,False,False,-0.0012971868276119224,0.25140976456405684
2018-08-09,armed,,False,False,-0.0053966789756310606,0.25299775495127125
2018-08-10,armed,,False,False,-0.008342701016096766,0.24985823723697217
2018-08-13,armed,,False,False,-0.003494843983140367,0.2530492869073409
2018-08-14,armed,,False,False,0.0036987134328428577,0.2543662367578976
2018-08-15,armed,,False,False,-0.011004739114855685,0.25568618800369736
2018-08-16,armed,,False,False,0.007771381072892481,0.25635636881221097
2018-08-17,armed,,False,False,-0.002333482786942339,0.2581146644805396
2018-08-20,armed,,False,False,0.0025814700907970463,0.25557529124777745
2018-08-21,armed,,False,False,0.007123194946031853,0.2554888492177556
2018-08-22,armed,,False,False,0.0006289953946277286,0.25501871744054205
2018-08-23,armed,,False,False,0.002232097489669265,0.24782182046516396
2018-08-24,armed,,False,False,0.010584844324699907,0.24350878533368864
2018-08-27,armed,,False,False,0.010785678037262242,0.24441552434567146
2018-08-28,armed,,False,False,0.0029485507891659287,0.23851854426992078
2018-08-29,armed,,False,False,0.004061852026663188,0.23759861717920266
2018-08-30,armed,,False,False,-0.0029345492092767056,0.23780208292813867
2018-08-31,armed,,False,False,-0.0002388479132859939,0.23379069257653312
2018-09-04,armed,,False,False,-0.0014799796364901737,0.23436700869406768
2018-09-05,armed,,False,False,-0.008167877561630975,0.23200358242757144
2018-09-06,armed,,False,False,-0.010364628627728566,0.23298838944419764
2018-09-07,armed,,False,False,-0.001057142900797508,0.23174305727793088
2018-09-10,armed,,False,False,0.005814611505003877,0.23087274872221483
2018-09-11,armed,,False,False,-0.002899702582174713,0.23091692216759868
2018-09-12,armed,,False,False,-0.0006416432992673633,0.22916294285627833
2018-09-13,armed,,False,False,0.0051238349963665065,0.22645634003032145
2018-09-14,armed,,False,False,0.0036833078368882347,0.22426396752651231
2018-09-17,armed,,False,False,-0.008512754519555984,0.22625074570905054
2018-09-18,armed,,False,False,0.005902115126798516,0.2278350751707644
2018-09-19,armed,,False,False,0.0013409616074692373,0.2284166498459798
2018-09-20,armed,,False,False,0.010244587046210797,0.20588296310229773
2018-09-21,armed,,False,False,-0.0022460210422853826,0.2097902124222373
2018-09-24,armed,,False,False,-0.00014311495401754315,0.20113496464605868
2018-09-25,armed,,False,False,-0.00213216222271761,0.20112488095643088
2018-09-26,armed,,False,False,-0.006147655283385601,0.20170689519907442
2018-09-27,armed,,False,False,0.002380751670316295,0.2037565313487592
2018-09-28,armed,,False,False,-0.0017401296505234073,0.1995362415401732
2018-10-01,armed,,False,False,0.006213900794714874,0.1936547981910306
2018-10-02,armed,,False,False,-0.0016622414749619119,0.19140402212926
2018-10-03,armed,,False,False,0.003290358569177067,0.18756233702930303
2018-10-04,halt_new_entries,magnitude,True,False,-0.019664240856197626,0.18640862756737475
2018-10-05,halt_new_entries,,False,False,-0.013605952637169887,0.19343321917522183
2018-10-08,halt_new_entries,,False,False,-0.0037056360210307665,0.1941604401510826
2018-10-09,armed,,False,False,-0.003576284036256118,0.19678121301271037
2018-10-10,armed,,False,False,-0.03667831595041143,0.19795618149073382
2018-10-11,armed,,False,False,-0.0142227094667548,0.24922747343245646
2018-10-12,armed,,False,False,0.019557828860752274,0.2589144834619031
2018-10-15,armed,,False,False,-0.006389938762839294,0.270972499206652
2018-10-16,armed,,False,False,0.026850581964457623,0.2712574257613444
2018-10-17,armed,,False,False,0.00017464623034449988,0.2959286011617676
2018-10-18,armed,,False,False,-0.01820887254680035,0.29213341211063304
2018-10-19,armed,,False,False,-0.004831336043625639,0.3050508674120888
2018-10-22,armed,,False,False,-0.0012351947147871201,0.3083982773820845
2018-10-23,armed,,False,False,-0.002697386692561569,0.30977108275206006
2018-10-24,armed,,False,False,-0.04118395935342774,0.3076257153261573
2018-10-25,armed,,False,False,0.023649229825713495,0.3584210612612572
2018-10-26,armed,,False,False,-0.02329420919876839,0.3737817772678685
2018-10-29,armed,,False,False,-0.014356052369332167,0.37850662703216076
2018-10-30,armed,,False,False,0.017491411717408634,0.37257214003130495
2018-10-31,armed,,False,False,0.018466898352033658,0.3781971556499219
2018-11-01,armed,,False,False,0.024567257273405096,0.38227351300838724
2018-11-02,armed,,False,False,-0.004316045959229099,0.3842965527132676
2018-11-05,armed,,False,False,0.0015000354784777564,0.38137019290778296
2018-11-06,armed,,False,False,0.007086175373083782,0.377179699332992
2018-11-07,armed,,False,False,0.022039626481157433,0.37631064200615905
2018-11-08,armed,,False,False,-0.0031431754131952755,0.3842787533795
2018-11-09,armed,,False,False,-0.017457915680173536,0.3808481640975605
2018-11-12,armed,,False,False,-0.035888985701970744,0.3830077199307393
2018-11-13,armed,,False,False,0.005433032265190159,0.3972086209706203
2018-11-14,armed,,False,False,-0.0039307187505661124,0.39491220456185494
2018-11-15,armed,,False,False,0.019145686791217056,0.3931643685837492
2018-11-16,armed,,False,False,-0.001382313677324732,0.3952981271158997
2018-11-19,armed,,False,False,-0.031134206913359788,0.3907659166483167
2018-11-20,armed,,False,False,-0.010788339072617089,0.39576306521123605
2018-11-21,armed,,False,False,0.0032853650099961685,0.3916161526631385
2018-11-23,armed,,False,False,-0.004746130912142052,0.39001051295085537
2018-11-26,armed,,False,False,0.019531283784464615,0.3890400034161075
2018-11-27,armed,,False,False,0.0030984289293936747,0.398527760349479
2018-11-28,armed,,False,False,0.028795532725114353,0.3984918809040919
2018-11-29,armed,,False,False,-0.0037454457930431065,0.4156537646173002
2018-11-30,armed,,False,False,0.01178395396373725,0.4168102395960832
2018-12-03,armed,,False,False,0.018114544540832635,0.42304558401487397
2018-12-04,armed,,False,False,-0.03997853437133225,0.4284673368933974
2018-12-06,armed,,False,False,0.002766369983614381,0.4522529197811409
2018-12-07,armed,,False,False,-0.029760057771814976,0.44836492244821696
2018-12-10,armed,,False,False,0.00649715736842735,0.46115510359423956
2018-12-11,armed,,False,False,-0.00017625877346236302,0.46001517065253433
2018-12-12,armed,,False,False,0.00792087608521715,0.45941407064625484
2018-12-13,armed,,False,False,0.0008930796355788508,0.4603024562673158
2018-12-14,armed,,False,False,-0.02038553302900572,0.4586259114296927
2018-12-17,armed,,False,False,-0.021303715581882345,0.46174986694733333
2018-12-18,armed,,False,False,0.005858922270655318,0.4632069261019382
2018-12-19,armed,,False,False,-0.019827587413272788,0.4618823600370188
2018-12-20,armed,,False,False,-0.013794605877003797,0.4629401376710081
2018-12-21,armed,,False,False,-0.02422429072788807,0.4630932752119822
2018-12-24,armed,,False,False,-0.02827803028870795,0.4657029018052494
2018-12-26,armed,,False,False,0.05519977096452346,0.4690163396766528
2018-12-27,armed,,False,False,0.009348525730837026,0.511782993112493
2018-12-28,armed,,False,False,0.003237809785676723,0.5151331867490853
2018-12-31,armed,,False,False,0.010492797922367644,0.5160480962302325
2019-01-02,armed,,False,False,0.005453653831258181,0.5180382379332378
2019-01-03,armed,,False,False,-0.03624862627835845,0.5155821350849479
2019-01-04,armed,,False,False,0.03980574597079084,0.523201352437436
2019-01-07,armed,,False,False,0.014855121524195951,0.5398193079356924
2019-01-08,armed,,False,False,0.006000269513084665,0.5416777129160631
2019-01-09,armed,,False,False,0.009153591124179893,0.5314189287389475
2019-01-10,armed,,False,False,0.005908037281602528,0.5295242838862153
2019-01-11,armed,,False,False,0.002342605791360816,0.5289504471675843
2019-01-14,armed,,False,False,-0.008514180848673353,0.5296336064103035
2019-01-15,armed,,False,False,0.009547684465337849,0.5229837196252412
2019-01-16,armed,,False,False,0.0010995126310832288,0.5253092847817172
2019-01-17,armed,,False,False,0.006831404348689983,0.518894216503111
2019-01-18,armed,,False,False,0.014323099995867077,0.5232759120890927
2019-01-22,armed,,False,False,-0.02036540688413461,0.5246692806971313
2019-01-23,armed,,False,False,0.002335895706022865,0.5307513090101945
2019-01-24,armed,,False,False,0.018890625023526175,0.5165583656753605
2019-01-25,armed,,False,False,0.015270207058842102,0.5069602443997994
2019-01-28,armed,,False,False,-0.01254491531631293,0.504260955879338
2019-01-29,armed,,False,False,-0.006262845851772804,0.5066770964944077
2019-01-30,armed,,False,False,0.02163701923359547,0.5039248644629691
2019-01-31,armed,,False,False,0.013760333838348005,0.5030222932668492
2019-02-01,armed,,False,False,0.0066445467606122835,0.4990961017493626
2019-02-04,armed,,False,False,0.006638947642109105,0.4994209307577739
2019-02-05,armed,,False,False,0.004999947213868993,0.5028243470169195
2019-02-06,armed,,False,False,0.002515789855054538,0.5035548206786665
2019-02-07,armed,,False,False,-0.016776612723754435,0.4995010677849196
2019-02-08,armed,,False,False,0.0023558728616150768,0.5046918814759114
2019-02-11,armed,,False,False,0.002791971544397659,0.5051696800479557
2019-02-12,armed,,False,False,0.015878148231897673,0.4996019334295996
2019-02-13,armed,,False,False,0.0036783496132492795,0.5042375263049702
2019-02-14,armed,,False,False,-0.0009288003595609355,0.5050113176718236
2019-02-15,armed,,False,False,0.013743718112659356,0.5032996659701675
2019-02-19,armed,,False,False,0.002819914722666855,0.506173885448739
2019-02-20,armed,,False,False,0.0033360228184700987,0.5033681002740865
2019-02-21,armed,,False,False,-0.005586121936600665,0.5039658700013242
2019-02-22,armed,,False,False,0.011692685877124387,0.5061379700071357
2019-02-25,armed,,False,False,0.0065145414015317996,0.5055857432370626
2019-02-26,armed,,False,False,-0.0012360564169910835,0.5032070060938109
2019-02-27,armed,,False,False,-0.0018998570171032277,0.5049641815572867
2019-02-28,armed,,False,False,-0.0036764113270070786,0.49488634843874896
2019-03-01,armed,,False,False,0.0058312254642104485,0.4925703056774322
2019-03-04,armed,,False,False,-0.003713706133787567,0.4922395857389837
2019-03-05,armed,,False,False,-0.00483643646101934,0.49033889887810156
2019-03-06,armed,,False,False,-0.010300797950708068,0.4656139798525854
2019-03-07,armed,,False,False,-0.0085105769302584,0.4724198576814911
2019-03-08,armed,,False,False,0.0009709027512787891,0.4596525172661404
2019-03-11,armed,,False,False,0.018416362642660472,0.4616781754212175
2019-03-12,armed,,False,False,0.001958178420398227,0.46428314560456985
2019-03-13,armed,,False,False,0.006556941890475246,0.46312266244557576
2019-03-14,armed,,False,False,-0.0004677483019324977,0.4662973307296409
2019-03-15,armed,,False,False,0.009444956198316277,0.464551518421536
2019-03-18,armed,,False,False,0.001972597111867189,0.4529220547524861
2019-03-19,armed,,False,False,0.0038917262841224134,0.45468655451273216
2019-03-20,armed,,False,False,-0.00465253197278341,0.4499199517856294
2019-03-21,armed,,False,False,0.019099523473755816,0.44561773143371397
2019-03-22,armed,,False,False,-0.025019831538396542,0.4352268870252592
2019-03-25,armed,,False,False,-0.002948917334836758,0.4306460917522269
2019-03-26,armed,,False,False,0.00786912984424924,0.36186447219074186
2019-03-27,armed,,False,False,-0.008402146824097423,0.3616395483596742
2019-03-28,armed,,False,False,0.0022269493423055795,0.36579074126164196
2019-03-29,armed,,False,False,0.011342538536175449,0.36216852849999215
2019-04-01,armed,,False,False,0.01772236600271668,0.36752581300664405
2019-04-02,armed,,False,False,0.001854042257291271,0.33425997875312036
2019-04-03,armed,,False,False,0.00963942311306458,0.2902403008910022
2019-04-04,armed,,False,False,-0.002580588668155078,0.28866405367810016
2019-04-05,armed,,False,False,0.003930739937514817,0.2888262560539902
2019-04-08,armed,,False,False,0.0001985609227024052,0.29047077811394517
2019-04-09,armed,,False,False,-0.007230333310893975,0.2911114868402231
2019-04-10,armed,,False,False,0.005933496410526234,0.2952426513245608
2019-04-11,armed,,False,False,6.0255229883520265e-05,0.29390773377308854
2019-04-12,armed,,False,False,0.006382849515185142,0.29570651533836545
2019-04-15,armed,,False,False,-0.0006684769105210057,0.2954785449945808
2019-04-16,armed,,False,False,0.009595651568892374,0.2950293304049516
2019-04-17,armed,,False,False,0.0007322123429155392,0.28694042404795933
2019-04-18,armed,,False,False,0.0011502810110007647,0.26841100411729385
2019-04-22,armed,,False,False,0.0016872895011694504,0.27424026589938033
2019-04-23,armed,,False,False,0.007809632135349175,0.2820030754880124
2019-04-24,armed,,False,False,-0.0009096966530685187,0.28273948716212094
2019-04-25,armed,,False,False,-0.002597159978703898,0.27717887290560894
2019-04-26,armed,,False,False,-0.0006600730969163437,0.27897752335936987
2019-04-29,armed,,False,False,0.0023270974288484066,0.2658937192172878
2019-04-30,armed,,False,False,0.0013527449584837183,0.26969814832864836
2019-05-01,armed,,False,False,-0.007566404529899506,0.26600828850118563
2019-05-02,armed,,False,False,0.00047336129538357323,0.2690733688654176
2019-05-03,armed,,False,False,0.007366942207046771,0.267424098030331
2019-05-06,armed,,False,False,-0.008792938646580012,0.2663186968342534
2019-05-07,armed,,False,False,-0.02023936553858846,0.2569161764192359
2019-05-08,armed,,False,False,-0.004322365092942226,0.27915686995260103
2019-05-09,armed,,False,False,-0.005397552957188358,0.2807529478651069
2019-05-10,armed,,False,False,0.003091513413907025,0.2715479005317034
2019-05-13,armed,,False,False,-0.03699047934854578,0.27131128924424935
2019-05-14,armed,,False,False,0.015833087498954523,0.32424839026905106
2019-05-15,armed,,False,False,0.007505314434510735,0.3302277769807502
2019-05-16,armed,,False,False,0.003939382988873109,0.33076181452737
2019-05-17,armed,,False,False,-0.011794198581873187,0.32676784125513647
2019-05-20,armed,,False,False,-0.01434515894586225,0.32879850180054465
2019-05-21,armed,,False,False,0.012699043185889597,0.3305539056679406
2019-05-22,armed,,False,False,-0.006472114479796015,0.334137600898353
2019-05-23,armed,,False,False,-0.01635854708328407,0.3328698161321151
2019-05-24,armed,,False,False,0.001190206718156189,0.3433616363917716
2019-05-28,armed,,False,False,-0.007860464290499806,0.344586144468839
2019-05-29,armed,,False,False,-0.005313407310771755,0.34454857510616904
2019-05-30,armed,,False,False,0.0017538846299566457,0.34467703381128134
2019-05-31,armed,,False,False,-0.017433379498985074,0.3456186243075911
2019-06-03,armed,,False,False,-0.007466087019087255,0.35477385592196703
2019-06-04,armed,,False,False,0.03236875969203984,0.34474037067307334
2019-06-05,armed,,False,False,0.004492509234108616,0.3765977811707963
2019-06-06,armed,,False,False,0.011605021151654979,0.36706836032583146
2019-06-07,armed,,False,False,0.008286973221666978,0.3639845420541957
2019-06-10,armed,,False,False,0.010422976305005181,0.363884375000264
2019-06-11,armed,,False,False,0.0009441975975114788,0.36427610424854184
2019-06-12,armed,,False,False,-0.009534820427543462,0.36640275258918703
2019-06-13,armed,,False,False,0.00723321035650684,0.3660669944405529
2019-06-14,armed,,False,False,-0.009523640350293482,0.3664722300713926
2019-06-17,armed,,False,False,0.0038844414492663773,0.3685358149634363
2019-06-18,armed,,False,False,0.02054422139377078,0.36423500735091485
2019-06-19,armed,,False,False,0.0036815301062873367,0.3515833948192186
2019-06-20,armed,,False,False,0.009869410400877719,0.3506050776287897
2019-06-21,armed,,False,False,-0.002241805438812405,0.34900678725125334
2019-06-24,armed,,False,False,-0.001694926640924554,0.34557083685563167
2019-06-25,armed,,False,False,-0.016383113432600082,0.34760905246909135
2019-06-26,armed,,False,False,0.010952850364265607,0.3486465063362861
2019-06-27,armed,,False,False,0.008234551059191133,0.33802478044674716
2019-06-28,armed,,False,False,0.0080788151848701,0.33820947740257823
2019-07-01,armed,,False,False,0.011123724940934327,0.33696298070885583
2019-07-02,armed,,False,False,-0.0012175269707229495,0.3419966971952947
2019-07-03,armed,,False,False,0.006553566735396645,0.3406959702211722
2019-07-05,armed,,False,False,-0.002365586923400994,0.3423996772064072
2019-07-08,armed,,False,False,-0.006158233014328793,0.3410690708202589
2019-07-09,armed,,False,False,0.006394465617589014,0.3406343393028546
2019-07-10,armed,,False,False,0.007762620601849272,0.341666649603203
2019-07-11,armed,,False,False,0.003032927384604024,0.345838392130892
2019-07-12,armed,,False,False,0.009708037025763444,0.34498970576194216
2019-07-15,armed,,False,False,0.002439147258203316,0.3461643463942931
2019-07-16,armed,,False,False,-0.0062576790775487135,0.35070615138467826
2019-07-17,armed,,False,False,-0.0022798950356904203,0.3504851446493091
2019-07-18,armed,,False,False,0.004262903603541216,0.35143163012914325
2019-07-19,armed,,False,False,-0.0017870881700415547,0.34405952151862074
2019-07-22,armed,,False,False,0.008676913370804003,0.3468811128377724
2019-07-23,armed,,False,False,0.007206768969521904,0.35052813052786413
2019-07-24,armed,,False,False,0.01279638665624486,0.3554874650281738
2019-07-25,armed,,False,False,-0.009504785744173414,0.34703337209587937
2019-07-26,armed,,False,False,0.008554933002390989,0.3548631432310611
2019-07-29,armed,,False,False,-0.0028027098552205376,0.3526195178548606
2019-07-30,armed,,False,False,-0.0013001900827491262,0.35369991865989076
2019-07-31,armed,,False,False,-0.017083754020241922,0.35368847756201593
2019-08-01,armed,,False,False,-0.011123348863239825,0.3600470147522334
2019-08-02,armed,,False,False,-0.015542481362673085,0.34773623076402516
2019-08-05,armed,,False,False,-0.03389574632826602,0.3495126127842012
2019-08-06,armed,,False,False,0.013984004479595347,0.3875837341871568
2019-08-07,armed,,False,False,-3.253601525742408e-05,0.39409635066497467
2019-08-08,armed,,False,False,0.02686670680613432,0.3570829480023426
2019-08-09,armed,,False,False,-0.011686618545694003,0.3666087993627088
2019-08-12,armed,,False,False,-0.013655854216444564,0.3706531259012689
2019-08-13,armed,,False,False,0.019603996663510793,0.3811386412458206
2019-08-14,armed,,False,False,-0.032959425107880025,0.38954732967368527
2019-08-15,armed,,False,False,-0.003381545734600474,0.4197570153213602
2019-08-16,armed,,False,False,0.021845374391673122,0.40697388875912716
2019-08-19,armed,,False,False,0.01386031815552601,0.41525881956182453
2019-08-20,armed,,False,False,-0.007912328788567074,0.41308039024255333
2019-08-21,armed,,False,False,0.00789087348853909,0.4122991222166161
2019-08-22,armed,,False,False,0.0005388943236224431,0.41244874529658
2019-08-23,armed,,False,False,-0.02885737105119191,0.4121875203852067
2019-08-26,armed,,False,False,0.010046579449656742,0.43193928021029243
2019-08-27,armed,,False,False,-0.005601042000293451,0.427841028900237
2019-08-28,armed,,False,False,0.004904029652322106,0.4343101861721907
2019-08-29,armed,,False,False,0.016600595950884395,0.4136591775120333
2019-08-30,armed,,False,False,0.003580726520975578,0.42234657719344254
2019-09-03,armed,,False,False,-0.01077486844655028,0.4268200348417037
2019-09-04,armed,,False,False,0.015623520351847131,0.43004757116283127
2019-09-05,armed,,False,False,0.02046840809334436,0.4371752846311406
2019-09-06,armed,,False,False,-0.003321718725044857,0.44316988625984216
2019-09-09,armed,,False,False,0.0005159087085839361,0.4444403016751808
2019-09-10,armed,,False,False,0.004158092879027425,0.436940426856082
2019-09-11,armed,,False,False,0.012601228231279024,0.4317344019425152
2019-09-12,armed,,False,False,0.0017281075447747824,0.4339204559577146
2019-09-13,armed,,False,False,-0.0015348944885879795,0.4278165738730803
2019-09-16,armed,,False,False,-0.0009057612849914814,0.42779686505473963
2019-09-17,armed,,False,False,0.0016133085852749146,0.4256001348114589
2019-09-18,armed,,False,False,-0.00046171269805886047,0.42564474750686204
2019-09-19,armed,,False,False,-0.002788148555640555,0.42632659975005166
2019-09-20,armed,,False,False,-0.008751996111718492,0.4224285908618306
2019-09-23,armed,,False,False,0.0008950419794499517,0.42801186642790007
2019-09-24,armed,,False,False,-0.015737588989470874,0.428285154725061
2019-09-25,armed,,False,False,0.011210151586812196,0.43448190136540166
2019-09-26,armed,,False,False,-0.0031061349098734066,0.43388447212104436
2019-09-27,armed,,False,False,-0.012173554572744051,0.4334320304733645
2019-09-30,armed,,False,False,0.005070819743595269,0.4298588095121286
2019-10-01,armed,,False,False,-0.013691100120558393,0.428764744344331
2019-10-02,armed,,False,False,-0.01569805388213646,0.43027381645193646
2019-10-03,armed,,False,False,0.011516230293600275,0.43543138973858975
2019-10-04,armed,,False,False,0.015095635839857796,0.4370604098137667
2019-10-07,armed,,False,False,-0.00046287636698456365,0.44552854498319894
2019-10-08,armed,,False,False,-0.021397429168558538,0.44542211553893823
2019-10-09,armed,,False,False,0.009732653474172537,0.4537849356498927
2019-10-10,armed,,False,False,0.0049126409170856325,0.455559272196272
2019-10-11,armed,,False,False,0.015190690068452296,0.45710047615193256
2019-10-14,armed,,False,False,-0.0017472770735513965,0.46584440166307056
2019-10-15,armed,,False,False,0.0149393577017586,0.46737358997231904
2019-10-16,armed,,False,False,-0.008659115775353209,0.47159950179242754
2019-10-17,armed,,False,False,0.003449866733520541,0.4722323497418059
2019-10-18,armed,,False,False,-0.010853186309121035,0.48258221169922144
2019-10-21,armed,,False,False,0.007634204377240897,0.48212086327405235
2019-10-22,armed,,False,False,-0.005011102269911794,0.4898849978952133
2019-10-23,armed,,False,False,0.0006921638489708664,0.48638832989618924
2019-10-24,armed,,False,False,0.01541355411664915,0.48231834900317677
2019-10-25,armed,,False,False,0.011578515299094545,0.46517980499242756
2019-10-28,armed,,False,False,0.009940024575645402,0.46402221628938967
2019-10-29,armed,,False,False,-0.0067693778339944785,0.46501532743811225
2019-10-30,armed,,False,False,0.00742721438704711,0.43228108530803616
2019-10-31,armed,,False,False,-0.007389381142597639,0.4271367537639447
2019-11-01,armed,,False,False,0.008323492582232937,0.4241708848852464
2019-11-04,armed,,False,False,0.010199167691680945,0.4048743387825235
2019-11-05,armed,,False,False,6.934383897249725e-05,0.39792072762112496
2019-11-06,armed,,False,False,-0.0024691379268656855,0.3887309413350224
2019-11-07,armed,,False,False,0.004531058607955014,0.3794319615035916
2019-11-08,armed,,False,False,0.004437912969426828,0.33642747905433545
2019-11-11,armed,,False,False,-0.0020760930808825756,0.3427221011258379
2019-11-12,armed,,False,False,0.002387925522359036,0.3359431333337402
2019-11-13,armed,,False,False,0.0014307561658842612,0.3300486502276966
2019-11-14,armed,,False,False,-0.00043886912575814016,0.3278127250022877
2019-11-15,armed,,False,False,0.011604263050330877,0.3235466587444667
2019-11-18,armed,,False,False,-0.0007729178782928098,0.3242647602830618
2019-11-19,armed,,False,False,-0.0017669214782191352,0.29170111647042607
2019-11-20,armed,,False,False,-0.005875355716801281,0.28596335512902404
2019-11-21,armed,,False,False,-0.003950241079143234,0.2876667843744704
2019-11-22,armed,,False,False,0.0006553215902412755,0.2862815308293092
2019-11-25,armed,,False,False,0.013217734499033481,0.27623959390113184
2019-11-26,armed,,False,False,-0.0033333838074966087,0.28109111338222914
2019-11-27,armed,,False,False,0.004971371325105228,0.2714580792258407
2019-11-29,armed,,False,False,-0.0046919915844915545,0.2648004191443476
2019-12-02,armed,,False,False,-0.011493698659544468,0.25444937488995156
2019-12-03,armed,,False,False,-0.008878367320241966,0.2611183328195835
2019-12-04,armed,,False,False,0.0048192822845925,0.26913957963980806
2019-12-05,armed,,False,False,-0.00052352333092344,0.27090307404658137
2019-12-06,armed,,False,False,0.008523064508192318,0.26942233087161926
2019-12-09,armed,,False,False,-0.004482310978739845,0.2743712959762267
2019-12-10,armed,,False,False,0.00011775299187663553,0.2758130829384056
2019-12-11,armed,,False,False,0.008748899048474906,0.2767483944101268
2019-12-12,armed,,False,False,0.019378030184307227,0.2776894548457543
2019-12-13,armed,,False,False,5.633417451965001e-05,0.28421898076381885
2019-12-16,armed,,False,False,0.01014070029027962,0.2830902999041402
2019-12-17,armed,,False,False,0.0013009080569968614,0.2829157473672523
2019-12-18,armed,,False,False,0.0014683246499921478,0.28241009301120934
2019-12-19,armed,,False,False,0.00707616394038897,0.2734547789869896
2019-12-20,armed,,False,False,0.007964300161834168,0.27235771894059785
2019-12-23,armed,,False,False,0.0011230951665262099,0.2729435986115311
2019-12-24,armed,,False,False,-0.0003258348864004151,0.27203428573713584
2019-12-26,armed,,False,False,0.006625441271159318,0.27343940412537454
2019-12-27,armed,,False,False,-0.0034913314368846195,0.26539153931258336
2019-12-30,armed,,False,False,-0.005877763195511539,0.2529795274454053
2019-12-31,armed,,False,False,0.0026977554702879293,0.2546883688827235
2020-01-02,armed,,False,False,0.015973104077506295,0.24849005915637606
2020-01-03,armed,,False,False,-0.008991365173720357,0.25577937319485483
2020-01-06,armed,,False,False,0.0033114780958934235,0.24076587197524046
2020-01-07,armed,,False,False,0.004751078848304328,0.2368502365883541
2020-01-08,armed,,False,False,0.005965931472509113,0.23300285586625846
2020-01-09,armed,,False,False,0.005800360745601626,0.22560206921140766
2020-01-10,armed,,False,False,-0.002806415196680429,0.22555166722531964
2020-01-13,armed,,False,False,0.01235677601266369,0.22075513587717327
2020-01-14,armed,,False,False,-0.0013226377265219771,0.22188750905099708
2020-01-15,armed,,False,False,-0.0031530714540616016,0.22225277165434212
2020-01-16,armed,,False,False,0.01200312409545554,0.21900836151252023
2020-01-17,armed,,False,False,0.0022414212503815032,0.2226827886593719
2020-01-21,armed,,False,False,0.0002893846457840064,0.2217196355796589
2020-01-22,armed,,False,False,0.003258230070139945,0.22537220234774974
2020-01-23,armed,,False,False,0.004366799605490711,0.22670803048810903
2020-01-24,armed,,False,False,-0.00895529470415463,0.2248346802799494
2020-01-27,armed,,False,False,-0.021659782699769755,0.2252905835314563
2020-01-28,armed,,False,False,0.013848322674812953,0.24885216089785978
2020-01-29,armed,,False,False,-0.004191191789444832,0.25644273520799377
2020-01-30,armed,,False,False,0.006046566140932373,0.25570685380027197
2020-01-31,armed,,False,False,-0.02111139992663653,0.2524184540875645
2020-02-03,armed,,False,False,0.013038835690362408,0.2713010955181074
2020-02-04,armed,,False,False,0.02517513066713665,0.27692160591813936
2020-02-05,armed,,False,False,0.007007376849405215,0.2917292307967109
2020-02-06,armed,,False,False,0.003825717782228985,0.29084211079189926
2020-02-07,armed,,False,False,-0.0077432034392413696,0.29110486965128246
2020-02-10,armed,,False,False,0.009839038760289253,0.2909395164019384
2020-02-11,armed,,False,False,0.007051929218637382,0.2927953746900329
2020-02-12,armed,,False,False,0.009919013991488515,0.2916567145734755
2020-02-13,armed,,False,False,-0.0013721184047315457,0.2959005651280512
2020-02-14,armed,,False,False,-0.0027559937475088135,0.29456799814767304
2020-02-18,armed,,False,False,-0.0039574234410633125,0.292442665093643
2020-02-19,armed,,False,False,0.010637540611072296,0.2934324742692258
2020-02-20,armed,,False,False,-0.005504360860222525,0.29163379465026573
2020-02-21,armed,,False,False,-0.01711135086739952,0.29381722138840005
2020-02-24,armed,,False,False,-0.04031163186183392,0.3047868847689388
2020-02-25,armed,,False,False,-0.03294906023015385,0.3697836825958219
2020-02-26,armed,,False,False,-0.004670671318025084,0.40807052374815544
2020-02-27,armed,,False,False,-0.04365752983243451,0.40661891204029493
2020-02-28,armed,,False,False,0.0012251191592044612,0.46307137339361143
2020-03-02,armed,,False,False,0.04107482632747833,0.44499945986629247
2020-03-03,armed,,False,False,-0.0298024889933469,0.47689579456990705
2020-03-04,armed,,False,False,0.04211784033678555,0.49634463728356004
2020-03-05,armed,,False,False,-0.029056971730333454,0.5246923133609113
2020-03-06,armed,,False,False,-0.02368255868405628,0.5330242207827505
2020-03-09,halt_new_entries,magnitude,True,False,-0.08278627318045531,0.537928370167916
2020-03-10,halt_new_entries,structural,False,True,0.055200276981447825,0.6039079258537422
2020-03-11,halt_new_entries,structural,False,True,-0.05551332984648837,0.6285299584297859
2020-03-12,full_flatten,"magnitude,structural",True,True,-0.10173174620265933,0.652032436983835
2020-03-13,full_flatten,"magnitude,structural",True,True,0.09922620808440795,0.7123531137136961
2020-03-16,full_flatten,"magnitude,structural",True,True,-0.13206474223731007,0.736148739400452
2020-03-17,full_flatten,"magnitude,structural",True,True,0.06959083516106697,0.7769975058018966
2020-03-18,full_flatten,"magnitude,structural",True,True,-0.06912660440887226,0.7710871184749687
2020-03-19,full_flatten,"magnitude,structural",True,True,0.02889412649755657,0.7596179631213351
2020-03-20,full_flatten,structural,False,True,-0.03125167120799823,0.7398202504306293
2020-03-23,full_flatten,structural,False,True,-0.0043779655765472094,0.7280414499781473
2020-03-24,full_flatten,"magnitude,structural",True,True,0.10779168214575971,0.713877766523882
2020-03-25,full_flatten,structural,False,True,0.01074117938005301,0.7280357213671239
2020-03-26,full_flatten,"magnitude,structural",True,True,0.06259957673698417,0.7176287614982281
2020-03-27,full_flatten,structural,False,True,-0.0427898858008518,0.7203777251845579
2020-03-30,full_flatten,structural,False,True,0.030363292823390915,0.7205436033560298
2020-03-31,full_flatten,structural,False,True,-0.014433678415926604,0.7207022668056993
2020-04-01,full_flatten,structural,False,True,-0.047550864027848,0.7181880197878519
2020-04-02,full_flatten,structural,False,True,0.01759554037418737,0.7209947147651828
2020-04-03,full_flatten,structural,False,True,-0.018507046706071603,0.7192159808990971
2020-04-06,full_flatten,"magnitude,structural",True,True,0.08140044319280401,0.7186268518259229
2020-04-07,full_flatten,structural,False,True,-0.0015663393352110058,0.7274205056971438
2020-04-08,full_flatten,structural,False,True,0.0349604121647011,0.7265625080279483
2020-04-09,full_flatten,structural,False,True,0.005553901450453302,0.7277353797725441
2020-04-13,full_flatten,structural,False,True,-0.0004578488169810414,0.7242534440542859
2020-04-14,full_flatten,structural,False,True,0.029534814890122132,0.7206272412368329
2020-04-15,full_flatten,structural,False,True,-0.021412433585367326,0.7201311824297445
2020-04-16,full_flatten,structural,False,True,0.005146895517329979,0.7193470311350011
2020-04-17,full_flatten,structural,False,True,0.025649892554650822,0.7175230422701014
2020-04-20,full_flatten,structural,False,True,-0.013935146662363425,0.7144403527448313
2020-04-21,full_flatten,structural,False,True,-0.0379810685433815,0.7136625958885218
2020-04-22,full_flatten,structural,False,True,0.030177352735381274,0.7157464835437547
2020-04-23,full_flatten,structural,False,True,-0.00025802308562392437,0.7151004336561114
2020-04-24,full_flatten,structural,False,True,0.016524204273138107,0.7136444796423149
2020-04-27,full_flatten,structural,False,True,0.01830749812940671,0.7152721209167068
2020-04-28,full_flatten,structural,False,True,-0.0057859321257695395,0.7161606425363612
2020-04-29,full_flatten,structural,False,True,0.03599835478880712,0.7155486506343594
2020-04-30,full_flatten,structural,False,True,-0.015681168695725656,0.7141823925579974
2020-05-01,full_flatten,structural,False,True,-0.03591684805847422,0.7112489415227137
2020-05-04,full_flatten,structural,False,True,0.004452305135063125,0.7141194059993136
2020-05-05,full_flatten,structural,False,True,0.011880376263504003,0.7132014940453906
2020-05-06,full_flatten,structural,False,True,-0.0017762625819997698,0.7139817095102902
2020-05-07,full_flatten,structural,False,True,0.016084002562722098,0.7131894200079691
2020-05-08,full_flatten,structural,False,True,0.02528218850189694,0.7127620539353773
2020-05-11,full_flatten,structural,False,True,-0.0002497544624306105,0.7124249172099795
2020-05-12,full_flatten,structural,False,True,-0.013771534804323079,0.7111190262009083
2020-05-13,full_flatten,structural,False,True,-0.02007424047398868,0.7065565168739446
2020-05-14,full_flatten,structural,False,True,0.014829850675515087,0.7071857367098959
2020-05-15,full_flatten,structural,False,True,-0.005197974687724467,0.7059596477392481
2020-05-18,full_flatten,structural,False,True,0.03823587743369119,0.703723157072314
2020-05-19,full_flatten,structural,False,True,-0.004073424904759572,0.7026088867831352
2020-05-20,full_flatten,structural,False,True,0.023794215478209958,0.6992794485817133
2020-05-21,full_flatten,structural,False,True,-0.011806576570051507,0.699353567000954
2020-05-22,full_flatten,structural,False,True,0.0020223285434531023,0.6996749263563582
2020-05-26,full_flatten,structural,False,True,0.015334338720552551,0.6966846332421593
2020-05-27,full_flatten,structural,False,True,0.014828606041172691,0.6956518467924582
2020-05-28,full_flatten,structural,False,True,-0.010884299056528565,0.6929623212906998
2020-05-29,full_flatten,structural,False,True,0.01517163968400796,0.6906121137985872
2020-06-01,full_flatten,structural,False,True,0.004931948196658004,0.6869114391311821
2020-06-02,full_flatten,structural,False,True,0.010523815855548851,0.6866687181005288
2020-06-03,full_flatten,structural,False,True,0.02047713779493768,0.6854859958898508
2020-06-04,full_flatten,structural,False,True,-0.000768000580751536,0.6711550152518511
2020-06-05,full_flatten,structural,False,True,0.02814235821901489,0.6652267676085741
2020-06-08,full_flatten,structural,False,True,0.011178948919400649,0.6581813118789803
2020-06-09,full_flatten,structural,False,True,-0.006393715035541681,0.6268535524024414
2020-06-10,full_flatten,structural,False,True,-0.0020232859709729376,0.6077786545678805
2020-06-11,full_flatten,magnitude,True,False,-0.06435573212562225,0.5390335495938121
2020-06-12,full_flatten,,False,False,0.01664930422256271,0.5484034480867263
2020-06-15,full_flatten,,False,False,0.012307914790364072,0.5408813487834772
2020-06-16,armed,,False,False,0.02168764943412383,0.5578438122227376
2020-06-17,armed,,False,False,-0.005280390893992183,0.5608708046371405
2020-06-18,armed,,False,False,0.0014490269248809107,0.5739999745500837
2020-06-19,armed,,False,False,-0.002515908053121206,0.5330351114114766
2020-06-22,armed,,False,False,0.006146528843614164,0.5439330785171164
2020-06-23,armed,,False,False,0.0018059280825658873,0.5277849646503601
2020-06-24,armed,,False,False,-0.025283999650804894,0.515853289021775
2020-06-25,armed,,False,False,0.014267850877570072,0.5190290763421382
2020-06-26,armed,,False,False,-0.02741928573385455,0.5199682656276639
2020-06-29,armed,,False,False,0.01478587433416215,0.5083884800725684
2020-06-30,armed,,False,False,0.018510052956266086,0.5132178212668614
2020-07-01,armed,,False,False,-0.0018642757435712624,0.5117883446935633
2020-07-02,armed,,False,False,0.007268784188217926,0.46154171199703864
2020-07-06,armed,,False,False,0.021731127697945662,0.46399086518370103
2020-07-07,armed,,False,False,-0.012188145325083439,0.4579567527048401
2020-07-08,armed,,False,False,0.01143059239836433,0.46597438096835975
2020-07-09,armed,,False,False,-0.00021784328600991078,0.4715879356403859
2020-07-10,armed,,False,False,0.010294846293830118,0.46377538415664976
2020-07-13,armed,,False,False,-0.018085973593405504,0.4580820000474175
2020-07-14,armed,,False,False,0.012385585189943826,0.4643047839230242
2020-07-15,armed,,False,False,0.008464767669828245,0.46650525934029907
2020-07-16,armed,,False,False,-0.0051088662343390665,0.4654536488423503
2020-07-17,armed,,False,False,0.002405201808599086,0.4438857537679196
2020-07-20,armed,,False,False,0.015300799586551412,0.43905036921028945
2020-07-21,armed,,False,False,-0.00024130000110627274,0.4389893380263503
2020-07-22,armed,,False,False,0.0031666241028795363,0.43550556320900147
2020-07-23,armed,,False,False,-0.010572316912194095,0.4351688513902036
2020-07-24,armed,,False,False,-0.011707825452586518,0.4352778340038758
2020-07-27,armed,,False,False,0.01530836516993504,0.42351221688756663
2020-07-28,armed,,False,False,-0.008869885307449529,0.42685535425983834
2020-07-29,armed,,False,False,0.01380905823487964,0.4118875487215403
2020-07-30,armed,,False,False,-0.0015395443391596011,0.4123974724294577
2020-07-31,armed,,False,False,0.0021994791417468754,0.40687574794534465
2020-08-03,armed,,False,False,0.011015062790596422,0.40288597206816873
2020-08-04,armed,,False,False,0.008094959470373286,0.4036080873159688
2020-08-05,armed,,False,False,0.006319251154874581,0.3993332877927959
2020-08-06,armed,,False,False,-0.0006714273025534515,0.3985048814614459
2020-08-07,armed,,False,False,-0.007921576564693346,0.39350695098043903
2020-08-10,armed,,False,False,0.0012421920802925563,0.3859692031905988
2020-08-11,armed,,False,False,-0.00674419973516312,0.3862584217506013
2020-08-12,armed,,False,False,0.01261785798075744,0.39411753034247543
2020-08-13,armed,,False,False,-0.003965937898792147,0.37906843733660167
2020-08-14,armed,,False,False,-0.002339893702948173,0.3785145340235131
2020-08-17,armed,,False,False,0.002277316854088211,0.37368164930694564
2020-08-18,armed,,False,False,-0.0003400240476568856,0.36967356562448267
2020-08-19,armed,,False,False,-0.002992763577738806,0.36824839800262144
2020-08-20,armed,,False,False,0.003261402801584979,0.3728438354506026
2020-08-21,armed,,False,False,0.001098554319673145,0.37192038789851556
2020-08-24,armed,,False,False,0.01128455236961943,0.3727207999462338
2020-08-25,armed,,False,False,0.0034609051305895477,0.3743705253081033
2020-08-26,armed,,False,False,0.014035847037272042,0.37481874618387834
2020-08-27,armed,,False,False,-0.002859079527996819,0.36913197042298423
2020-08-28,armed,,False,False,0.013021354208858785,0.36746095002634843
2020-08-31,armed,,False,False,-0.0008655907508107877,0.37223754964843814
2020-09-01,armed,,False,False,0.008617361897755431,0.3604226125655018
2020-09-02,armed,,False,False,0.018010945760310072,0.3619765437737964
2020-09-03,armed,,False,False,-0.0445416370283612,0.36691417618708067
2020-09-04,armed,,False,False,-0.008497954376917458,0.39850523165179097
2020-09-08,armed,,False,False,-0.031236584079799186,0.3131461075225151
2020-09-09,armed,,False,False,0.018777370746637986,0.3261630313002322
2020-09-10,armed,,False,False,-0.016126761323020142,0.3299770850489706
2020-09-11,armed,,False,False,0.0008088541340832764,0.3295456102579999
2020-09-14,armed,,False,False,0.018117903954779226,0.3294810598427758
2020-09-15,armed,,False,False,0.005940945359684435,0.33300651559694294
2020-09-16,armed,,False,False,-0.0018093125687773917,0.3336636375119775
2020-09-17,armed,,False,False,-0.006018617704106708,0.3323914098449794
2020-09-18,armed,,False,False,-0.007217859228109068,0.3333686386002776
2020-09-21,armed,,False,False,-0.007445599716697286,0.3198615252217726
2020-09-22,armed,,False,False,0.007267978886168335,0.3190100100859321
2020-09-23,armed,,False,False,-0.02464803621799981,0.3068515879182253
2020-09-24,armed,,False,False,0.0023774034162741507,0.3146928935032357
2020-09-25,armed,,False,False,0.014926924113175224,0.30559816133630047
2020-09-28,armed,,False,False,0.019497807823523627,0.31031968773946156
2020-09-29,armed,,False,False,-0.0016414145092793246,0.3159220821158544
2020-09-30,armed,,False,False,0.005992166851033578,0.30875015479644724
2020-10-01,armed,,False,False,0.009123159279222257,0.30580015774123087
2020-10-02,armed,,False,False,-0.013461070328646978,0.30564802467583624
2020-10-05,armed,,False,False,0.019965251851959003,0.3097181242690632
2020-10-06,armed,,False,False,-0.008982895823973618,0.31688758698372266
2020-10-07,armed,,False,False,0.018691865165164752,0.31719075604480174
2020-10-08,armed,,False,False,0.01188588112482816,0.3228682209076322
2020-10-09,armed,,False,False,0.010208452178765889,0.32551641390388925
2020-10-12,armed,,False,False,0.010870574556333744,0.3287929084488475
2020-10-13,armed,,False,False,-0.004387108833661654,0.330418092611667
2020-10-14,armed,,False,False,-0.007188582497605432,0.33107099462402717
2020-10-15,armed,,False,False,-0.0007669776086608682,0.33431911484613636
2020-10-16,armed,,False,False,-0.0019057564991581193,0.3351106026031275
2020-10-19,armed,,False,False,-0.010403136335997007,0.3344938124344101
2020-10-20,armed,,False,False,0.0023111952977432786,0.3411033991028966
2020-10-21,armed,,False,False,-0.005766307167348114,0.3395358511328724
2020-10-22,armed,,False,False,0.008975463741429462,0.336782443629694
2020-10-23,armed,,False,False,-0.0012372010268412298,0.33741189702304697
2020-10-26,armed,,False,False,-0.021882556684569333,0.3397551456250898
2020-10-27,armed,,False,False,-0.006252822941943327,0.35725581459466876
2020-10-28,armed,,False,False,-0.032848541188435866,0.356188140869764
2020-10-29,armed,,False,False,0.013670153419856137,0.37924230170727485
2020-10-30,armed,,False,False,-0.01041285444999699,0.3841726257353539
2020-11-02,armed,,False,False,0.009130628548158038,0.3821246182420349
2020-11-03,armed,,False,False,0.020401275463259604,0.3842295083770697
2020-11-04,armed,,False,False,0.02944721139769013,0.3914896279358878
2020-11-05,armed,,False,False,0.03101383659978653,0.38868477054150535
2020-11-06,armed,,False,False,0.006852350491435999,0.39867915090350137
2020-11-09,armed,,False,False,0.014816806085992994,0.4024249708039283
2020-11-10,armed,,False,False,-0.008044637028519305,0.3798983329089503
2020-11-11,armed,,False,False,0.014577175099899559,0.375276668049544
2020-11-12,armed,,False,False,-0.01065327990909102,0.37544243521907106
2020-11-13,armed,,False,False,0.016740242951399507,0.3769245741483401
2020-11-16,armed,,False,False,0.016159551254489677,0.3808670833505617
2020-11-17,armed,,False,False,0.0028949387297728764,0.3818858233719787
2020-11-18,armed,,False,False,-0.008499933359257661,0.3800510125817972
2020-11-19,armed,,False,False,0.011803985177164722,0.3821284138481133
2020-11-20,armed,,False,False,-0.006400441727897177,0.38940987933984794
2020-11-23,armed,,False,False,0.016342900859735682,0.3924693101980365
2020-11-24,armed,,False,False,0.018362111215414388,0.3930610467855037
2020-11-25,armed,,False,False,0.001954333112663033,0.3961622729046525
2020-11-27,armed,,False,False,0.005112931082480682,0.3995635725109196
2020-11-30,armed,,False,False,-0.0044411382699021135,0.397407800703364
2020-12-01,armed,,False,False,0.010952347420170483,0.37165572715026796
2020-12-02,armed,,False,False,0.0024424317980702753,0.372501435336186
2020-12-03,armed,,False,False,0.00522493230183824,0.3594621781778769
2020-12-04,armed,,False,False,0.016449008473239213,0.3551823405087344
2020-12-07,armed,,False,False,0.0034352127193783095,0.3506594162638006
2020-12-08,armed,,False,False,0.005152772876900524,0.35052305535191147
2020-12-09,armed,,False,False,-0.0144618509937556,0.34206543371904136
2020-12-10,armed,,False,False,0.0032327053051121476,0.345317402402555
2020-12-11,armed,,False,False,-0.005202983190525545,0.3443995545258149
2020-12-14,armed,,False,False,0.001348936944676425,0.3425005914834962
2020-12-15,armed,,False,False,0.011438781520627925,0.34088736570290923
2020-12-16,armed,,False,False,0.0016219727148062682,0.34216004284404694
2020-12-17,armed,,False,False,0.007744012818698028,0.342689631660825
2020-12-18,armed,,False,False,0.0009253539677079996,0.3295341507221161
2020-12-21,armed,,False,False,-0.002308523391428274,0.3282603753162857
2020-12-22,armed,,False,False,-0.0002065105829719162,0.3258181331386436
2020-12-23,armed,,False,False,-0.0002801261657494312,0.3200534756657879
2020-12-24,armed,,False,False,0.0031454876023380993,0.31994698438930735
2020-12-28,armed,,False,False,0.001292035195555893,0.3233626817573177
2020-12-29,armed,,False,False,-0.005734396868854033,0.32217682474339415
2020-12-30,armed,,False,False,0.006694061697383018,0.318730621946859
2020-12-31,armed,,False,False,0.006596594164852287,0.31319645262558826
2021-01-04,armed,,False,False,-0.013742204795273981,0.30998406372620724
2021-01-05,armed,,False,False,0.013105751196958807,0.30773252067066287
2021-01-06,armed,,False,False,0.0025558977204966616,0.3059160071099521
2021-01-07,armed,,False,False,0.022895347749382632,0.3041303398038641
2021-01-08,armed,,False,False,0.004089521356275643,0.30850253520401727
2021-01-11,armed,,False,False,0.0026814662217064127,0.3069540403626516
2021-01-12,armed,,False,False,0.00515260498669383,0.3039888199307231
2021-01-13,armed,,False,False,-0.0010660752247354695,0.3023358326025287
2021-01-14,armed,,False,False,0.0028704476886991736,0.30038720494865734
2021-01-15,armed,,False,False,-0.00988930971807002,0.2945964122418529
2021-01-19,armed,,False,False,0.013174811528701359,0.29530018936338776
2021-01-20,armed,,False,False,0.010420138844321584,0.2949833386601683
2021-01-21,armed,,False,False,0.0006791339580416794,0.29231387501761763
2021-01-22,armed,,False,False,-0.004610272088892031,0.2924700878702231
2021-01-25,armed,,False,False,0.003056317562146471,0.2785361928122553
2021-01-26,armed,,False,False,-0.003714454664047841,0.2769569673401071
2021-01-27,armed,,False,False,-0.028095994057701867,0.25098184643396404
2021-01-28,armed,,False,False,0.00869009795113085,0.26411656216037516
2021-01-29,armed,,False,False,-0.01718382824631539,0.26047954856298683
2021-02-01,armed,,False,False,0.01725677755479819,0.26687065650739056
2021-02-02,armed,,False,False,0.015182663253620955,0.26711810505079214
2021-02-03,armed,,False,False,0.00019080371621182763,0.262451157713517
2021-02-04,armed,,False,False,0.013786384665634881,0.2508597979887037
2021-02-05,armed,,False,False,0.0013772525252270255,0.2519648689052453
2021-02-08,armed,,False,False,0.014847895268602081,0.24879472909197273
2021-02-09,armed,,False,False,-0.0007452834199687865,0.25273237477201804
2021-02-10,armed,,False,False,0.00032949101320162155,0.2518310324031449
2021-02-11,armed,,False,False,0.009765427940422601,0.24874394416634657
2021-02-12,armed,,False,False,0.004671818731023185,0.24275139974444146
2021-02-16,armed,,False,False,0.0017692793602808574,0.23839900497540223
2021-02-17,armed,,False,False,-0.004140512873151457,0.2378203084127588
2021-02-18,armed,,False,False,-0.006696379580692589,0.2341124957615804
2021-02-19,armed,,False,False,0.007930523295648442,0.2331153098309046
2021-02-22,armed,,False,False,-0.014415603031648131,0.22866646680100344
2021-02-23,armed,,False,False,-0.002040472797103503,0.23041741782867878
2021-02-24,armed,,False,False,0.018383628170236477,0.22815238180836114
2021-02-25,armed,,False,False,-0.03357297674110798,0.23122456192781413
2021-02-26,armed,,False,False,0.0008323535885361166,0.2525763048123222
2021-03-01,armed,,False,False,0.027299547386697605,0.2508558386724898
2021-03-02,armed,,False,False,-0.01485273777751507,0.26123437747190753
2021-03-03,armed,,False,False,-0.014612989813548888,0.26737323558622383
2021-03-04,armed,,False,False,-0.02529664372138406,0.2727493227331313
2021-03-05,armed,,False,False,0.017655970815951983,0.27814300062126496
2021-03-08,armed,,False,False,-0.016119572022960417,0.2843765670180359
2021-03-09,armed,,False,False,0.02825199213494058,0.28162335608561667
2021-03-10,armed,,False,False,0.0015310271556648086,0.28497709687659306
2021-03-11,armed,,False,False,0.01979794853016253,0.2834441636366844
2021-03-12,armed,,False,False,2.0561042256502952e-05,0.28794273714911967
2021-03-15,armed,,False,False,0.007722757697370067,0.2873360242340233
2021-03-16,armed,,False,False,-0.0011627599030157104,0.28502781930835064
2021-03-17,armed,,False,False,0.005223765328748393,0.2849634088166025
2021-03-18,armed,,False,False,-0.024601676977240777,0.2850216672419912
2021-03-19,armed,,False,False,0.0031918453413510516,0.2938104202620306
2021-03-22,armed,,False,False,0.007412970132828526,0.29365389972268996
2021-03-23,armed,,False,False,-0.013999531600430479,0.29465467990328886
2021-03-24,armed,,False,False,-0.009228520942315186,0.2958400974685324
2021-03-25,armed,,False,False,0.006556951476544894,0.29561346768948016
2021-03-26,armed,,False,False,0.026448932663737244,0.29576892821928275
2021-03-29,armed,,False,False,-0.006597895525266735,0.303761685692211
2021-03-30,armed,,False,False,-0.00022308544349296204,0.3036510759816286
2021-03-31,armed,,False,False,0.012085414863581159,0.3034902703227399
2021-04-01,armed,,False,False,0.020396571315001298,0.3019023337142716
2021-04-05,armed,,False,False,0.013820243184631884,0.304548639308766
2021-04-06,armed,,False,False,-0.002332631488986535,0.30778920536149634
2021-04-07,armed,,False,False,0.00021382874833453564,0.3045770323069727
2021-04-08,armed,,False,False,0.009125758354649344,0.30555100982259537
2021-04-09,armed,,False,False,0.004680294127544677,0.30906542414199206
2021-04-12,armed,,False,False,-0.0019551778454192726,0.3106332475681283
2021-04-13,armed,,False,False,0.002789964635515033,0.3124573735251846
2021-04-14,armed,,False,False,-0.0045500012298285535,0.3158698793754007
2021-04-15,armed,,False,False,0.011723935664166954,0.3162645046230549
2021-04-16,armed,,False,False,0.00032284773195042114,0.318779810243992
2021-04-19,armed,,False,False,-0.010978798808384017,0.32289857839225033
2021-04-20,armed,,False,False,-0.011411375696830612,0.3257500931456678
2021-04-21,armed,,False,False,0.01226277488247781,0.3288861818126852
2021-04-22,armed,,False,False,-0.012051437230471732,0.3300706334019288
2021-04-23,armed,,False,False,0.013807959356297535,0.3343880205827802
2021-04-26,armed,,False,False,0.007827598480490137,0.3217550709769724
2021-04-27,armed,,False,False,-0.002952658544955991,0.32660993510791797
2021-04-28,armed,,False,False,-0.0026528564122345073,0.31944243745825035
2021-04-29,armed,,False,False,0.0033637569264906944,0.3161964246645382
2021-04-30,armed,,False,False,-0.015874471903262428,0.31487038802340994
2021-05-03,armed,,False,False,-0.001955861955247688,0.324711305500637
2021-05-04,armed,,False,False,-0.011080398792969539,0.3231852431482489
2021-05-05,armed,,False,False,0.0010781728923585148,0.3251603322130205
2021-05-06,armed,,False,False,0.0028244215498555497,0.32317147482254205
2021-05-07,armed,,False,False,0.010457567632650051,0.3227070613537341
2021-05-10,armed,,False,False,-0.018027711486692178,0.3246932634111929
2021-05-11,armed,,False,False,-0.0032689193508007616,0.33207858693178366
2021-05-12,armed,,False,False,-0.03029519521298886,0.3353382453961317
2021-05-13,armed,,False,False,0.008811001058612785,0.3490964105999672
2021-05-14,armed,,False,False,0.027263679436730883,0.3522880657942325
2021-05-17,armed,,False,False,2.3523445212443133e-05,0.3601899574644952
2021-05-18,armed,,False,False,-0.006177160208252547,0.36270213869735907
2021-05-19,armed,,False,False,0.0022527128203488544,0.3643723680604603
2021-05-20,armed,,False,False,0.01629966698813172,0.3640465276986137
2021-05-21,armed,,False,False,-0.0007889304219828108,0.36627393948175085
2021-05-24,armed,,False,False,0.014339147086123867,0.3495600087862855
2021-05-25,armed,,False,False,-0.0008323435355431461,0.3554327599881111
2021-05-26,armed,,False,False,0.004983929780933726,0.34679541605507297
2021-05-27,armed,,False,False,0.0031472753524454233,0.3437862868905215
2021-05-28,armed,,False,False,0.0010037639436725353,0.34018739940086756
2021-06-01,armed,,False,False,0.0002884151607387096,0.33225543207934516
2021-06-02,armed,,False,False,0.004013015620740884,0.3257770133058546
2021-06-03,armed,,False,False,-0.0060693695857263735,0.3270775517059454
2021-06-04,armed,,False,False,0.012985137058552648,0.3190289064313817
2021-06-07,armed,,False,False,0.0009341294739773878,0.3255511498294931
2021-06-08,armed,,False,False,-0.0006115137250602559,0.32294515454769107
2021-06-09,armed,,False,False,-0.0027292564573497945,0.3249717428448458
2021-06-10,armed,,False,False,0.006548939518427106,0.3283191147702229
2021-06-11,armed,,False,False,0.0019169632777143561,0.32958844729367576
2021-06-14,armed,,False,False,0.004539733058637955,0.33163960191797837
2021-06-15,armed,,False,False,-0.005877085500500716,0.31827006250256007
2021-06-16,armed,,False,False,-0.005049293295861429,0.3243900819403571
2021-06-17,armed,,False,False,0.0011419247212105968,0.3272125948412405
2021-06-18,armed,,False,False,-0.014288672811688089,0.32350446896589274
2021-06-21,armed,,False,False,0.009303925309474367,0.33162300846707854
2021-06-22,armed,,False,False,0.003921649391357735,0.33782170297640207
2021-06-23,armed,,False,False,0.0028400865866416067,0.3180052333998634
2021-06-24,armed,,False,False,0.012130149821012286,0.31546235199501216
2021-06-25,armed,,False,False,0.0018352083777114765,0.31935524210704663
2021-06-28,armed,,False,False,0.005154211437423258,0.3183257120436094
2021-06-29,armed,,False,False,0.001532409252280883,0.3101459212936881
2021-06-30,armed,,False,False,-0.0011139154606825885,0.3065011370327666
2021-07-01,armed,,False,False,-0.0025465620426719255,0.3058228278799372
2021-07-02,armed,,False,False,0.005320475639180416,0.30425672335910775
2021-07-06,armed,,False,False,-0.0026108677409365697,0.3009729581623104
2021-07-07,armed,,False,False,-0.003954872396404773,0.29999704451539666
2021-07-08,armed,,False,False,-0.007730610746083271,0.30067716071944384
2021-07-09,armed,,False,False,0.013879685666453482,0.30209566189059245
2021-07-12,armed,,False,False,0.0018329809948004591,0.3067996021349549
2021-07-13,armed,,False,False,-0.004736393954049178,0.30371919931310476
2021-07-14,armed,,False,False,-0.002477616024081276,0.3034967619946809
2021-07-15,armed,,False,False,-0.008610999616170427,0.2994003168033912
2021-07-16,armed,,False,False,-0.011939976305566834,0.29988273371852353
2021-07-19,armed,,False,False,-0.00967101734239714,0.30377390624242046
2021-07-20,armed,,False,False,0.016214589172412155,0.30173176195652873
2021-07-21,armed,,False,False,0.013966440238247724,0.3063847595729871
2021-07-22,armed,,False,False,-0.0006488263819096541,0.3094979334381442
2021-07-23,armed,,False,False,0.008866305144230806,0.30904238450138166
2021-07-26,armed,,False,False,0.00271595444411778,0.3114371763421574
2021-07-27,armed,,False,False,-0.008982335058884143,0.3134632187849623
2021-07-28,armed,,False,False,0.007697533941411636,0.30882402676054316
2021-07-29,armed,,False,False,0.007609544948012686,0.30738940241735413
2021-07-30,armed,,False,False,-0.001983530325244936,0.30503386590813175
2021-08-02,armed,,False,False,0.00027080673217728924,0.30274796159090445
2021-08-03,armed,,False,False,0.010450106316451779,0.3046213498550522
2021-08-04,halt_new_entries,magnitude,True,False,0.008423345192100433,0.3037026160800494
2021-08-05,halt_new_entries,,False,False,0.003916289894604892,0.29776119589175154
2021-08-06,halt_new_entries,,False,False,0.0012002735709091788,0.2926632642874242
2021-08-09,armed,,False,False,-0.00019261976884707926,0.26057852162048734
2021-08-10,armed,,False,False,-0.005232694656405552,0.2563321458643751
2021-08-11,armed,,False,False,0.0001020444225688754,0.23720034978542406
2021-08-12,armed,,False,False,-0.002966192185055886,0.23869273724534623
2021-08-13,armed,,False,False,0.0014788111071370618,0.23547316820069708
2021-08-16,armed,,False,False,-0.0035950939244125363,0.2393673017035034
2021-08-17,armed,,False,False,-0.007321342234361232,0.2314758299103789
2021-08-18,armed,,False,False,-0.007253259438263782,0.23435973742239216
2021-08-19,armed,,False,False,4.64988819418223e-05,0.2322972430094725
2021-08-20,armed,,False,False,0.00620629766797443,0.23114949410343988
2021-08-23,armed,,False,False,0.01576284261701281,0.23100202099467143
2021-08-24,armed,,False,False,0.007146303219508431,0.23772284834178167
2021-08-25,armed,,False,False,0.005340243632939402,0.23525070550516358
2021-08-26,armed,,False,False,-0.006891289151388811,0.23575998047395197
2021-08-27,armed,,False,False,0.012121028664737472,0.23766871187167116
2021-08-30,armed,,False,False,0.00011665087247875564,0.24103363729475286
2021-08-31,armed,,False,False,-0.002755749064320412,0.23484690960876803
2021-09-01,armed,,False,False,-0.0029463606657442985,0.23636291129985498
2021-09-02,armed,,False,False,0.005727382226660423,0.23660159752235488
2021-09-03,armed,,False,False,0.001217348855103019,0.23498256575999568
2021-09-07,armed,,False,False,-0.00673691777271618,0.2353321640002145
2021-09-08,armed,,False,False,-0.008726445178809907,0.23626865380728101
2021-09-09,armed,,False,False,0.0008159422874350577,0.2375821646130516
2021-09-10,armed,,False,False,-0.0046711877560820176,0.2348950909444535
2021-09-13,armed,,False,False,0.004356510122801532,0.23265834413242115
2021-09-14,armed,,False,False,-0.005786606969174734,0.23496659908541287
2021-09-15,armed,,False,False,0.008661356790868255,0.22571988233794443
2021-09-16,armed,,False,False,0.0022882923720350915,0.221375869989304
2021-09-17,armed,,False,False,-0.007847760220578542,0.221428957787182
2021-09-20,armed,,False,False,-0.018844009445788203,0.22561146307907884
2021-09-21,armed,,False,False,0.001581169339446269,0.23436120189291199
2021-09-22,armed,,False,False,0.01415848306701027,0.233777378262262
2021-09-23,armed,,False,False,0.015489935484109006,0.23980960414883443
2021-09-24,armed,,False,False,0.0035191766918832293,0.24814117996033738
2021-09-27,armed,,False,False,-0.0015981863958579726,0.24878638102135137
2021-09-28,armed,,False,False,-0.02398382406814952,0.24952953375512613
2021-09-29,armed,,False,False,-0.0034117585164046434,0.2736292245964637
2021-09-30,armed,,False,False,-0.007538184497424849,0.2746922530351842
2021-10-01,armed,,False,False,0.012662107928954726,0.27920017153009796
2021-10-04,armed,,False,False,-0.018131977988621345,0.281562257174346
2021-10-05,armed,,False,False,0.012344650709941033,0.2853776439971745
2021-10-06,armed,,False,False,0.003234491174522922,0.2914381480303988
2021-10-07,armed,,False,False,0.01215858943216014,0.28510505283740445
2021-10-08,armed,,False,False,-0.0028231213617839436,0.2919167038128195
2021-10-11,armed,,False,False,-0.004479698683501582,0.28945864946713695
2021-10-12,armed,,False,False,-0.007091006157597284,0.28519455888387785
2021-10-13,armed,,False,False,0.005306181982309437,0.28445306651869356
2021-10-14,armed,,False,False,0.019255536190859596,0.2747765254373749
2021-10-15,armed,,False,False,0.008424223635846481,0.28367956612981654
2021-10-18,armed,,False,False,0.005164776960186147,0.2864556967025958
2021-10-19,armed,,False,False,0.009058465490922133,0.28613324658770045
2021-10-20,armed,,False,False,0.000621334593632923,0.28959463790830053
2021-10-21,armed,,False,False,0.00254584726169801,0.2864419790785007
2021-10-22,armed,,False,False,-0.0013617299875950616,0.28541172475820054
2021-10-25,armed,,False,False,0.006269645832196731,0.27729657325085405
2021-10-26,armed,,False,False,0.000234107411017612,0.2808027666654934
2021-10-27,armed,,False,False,-0.00839596403144409,0.27629766946725925
2021-10-28,armed,,False,False,0.014423197051640966,0.2652585365886831
2021-10-29,armed,,False,False,0.0026161930760904128,0.27130528253584024
2021-11-01,armed,,False,False,0.006341808772137402,0.2714833478210402
2021-11-02,armed,,False,False,0.006920236114890902,0.2700154074289408
2021-11-03,armed,,False,False,0.01001781353800916,0.26555401148556157
2021-11-04,armed,,False,False,0.011811444709892838,0.26808549286741123
2021-11-05,armed,,False,False,0.009587819326714571,0.26309088833363864
2021-11-08,armed,,False,False,0.004440934504687602,0.2651155371944091
2021-11-09,armed,,False,False,-0.0014015227644756203,0.26298761038962704
2021-11-10,armed,,False,False,-0.01618396534970016,0.26175096989723184
2021-11-11,armed,,False,False,0.009230967100172629,0.26611512485557126
2021-11-12,armed,,False,False,0.008762430876170763,0.2610901408838028
2021-11-15,armed,,False,False,-0.003567573776326631,0.26458605177596084
2021-11-16,armed,,False,False,0.005865845909343127,0.26350068869703347
2021-11-17,armed,,False,False,-0.006653664861518089,0.25594949409969175
2021-11-18,armed,,False,False,-0.0018983071436580758,0.2599515383558926
2021-11-19,armed,,False,False,-0.002359643354367708,0.25607369271887565
2021-11-22,armed,,False,False,-0.008477986272460143,0.2500347312524065
2021-11-23,armed,,False,False,0.002063769736141796,0.2449750756012152
2021-11-24,armed,,False,False,0.005409342710206144,0.24411819866408166
2021-11-26,armed,,False,False,-0.02412937320431613,0.2436488619147141
2021-11-29,armed,,False,False,0.01674211186375892,0.26773344060049914
2021-11-30,armed,,False,False,-0.020441897691659355,0.27117793717560623
2021-12-01,armed,,False,False,-0.017149106161954666,0.2852623342518318
2021-12-02,armed,,False,False,0.013125807586338885,0.2858108632874036
2021-12-03,armed,,False,False,-0.009641809846061795,0.2852026102986976
2021-12-06,armed,,False,False,0.008374952725548794,0.2818394154557419
2021-12-07,armed,,False,False,0.029706454918724593,0.2816211082397078
2021-12-08,armed,,False,False,0.0023489223558619374,0.2993578859172195
2021-12-09,armed,,False,False,-0.01108799302782671,0.2968972738461972
2021-12-10,armed,,False,False,0.007238844644664287,0.2927371995469854
2021-12-13,armed,,False,False,-0.014077512243299629,0.2870775714207013
2021-12-14,armed,,False,False,-0.007259307759453144,0.2872555421750729
2021-12-15,armed,,False,False,0.022382550269064175,0.2755489707952703
2021-12-16,armed,,False,False,-0.01580277312770608,0.2829765937651213
2021-12-17,armed,,False,False,-0.004924030480599417,0.2781082029841878
2021-12-20,armed,,False,False,-0.01157333440712969,0.2740920088447158
2021-12-21,armed,,False,False,0.025858245380190034,0.27728990705592355
2021-12-22,armed,,False,False,0.00902925997759574,0.2896668052690597
2021-12-23,armed,,False,False,0.009492364107599693,0.2787696605699314
2021-12-27,armed,,False,False,0.01549054796636063,0.2807713042122772
2021-12-28,armed,,False,False,-0.00671697628540516,0.281753505116928
2021-12-29,armed,,False,False,0.0017212837043684925,0.2805720244241583
2021-12-30,armed,,False,False,-0.0032611306041399834,0.27303571490247586
2021-12-31,armed,,False,False,-0.004100598900643717,0.27175041094497593
2022-01-03,armed,,False,False,0.011192634532339436,0.2740576428796556
2022-01-04,armed,,False,False,-0.001833339864908584,0.27020751867842163
2022-01-05,armed,,False,False,-0.025076001058657406,0.2659388560832341
2022-01-06,armed,,False,False,0.0005575061895654363,0.27617094394962616
2022-01-07,armed,,False,False,-0.008510914505527604,0.27180521457315243
2022-01-10,armed,,False,False,0.0027929798339394935,0.27144228539739784
2022-01-11,armed,,False,False,0.012004871865517679,0.2635919526332605
2022-01-12,armed,,False,False,0.0010297207433067018,0.26557944473970846
2022-01-13,armed,,False,False,-0.018482006297491083,0.2650906610476543
2022-01-14,armed,,False,False,0.005457067407213432,0.26883492480733606
2022-01-18,armed,,False,False,-0.02662472519064724,0.2652707906913574
2022-01-19,armed,,False,False,-0.01589462887186644,0.2787307641508209
2022-01-20,armed,,False,False,-0.01377214249523935,0.28661743057854727
2022-01-21,armed,,False,False,-0.02670248870491395,0.29054388411448917
2022-01-24,armed,,False,False,0.007291043728566407,0.2999595380287856
2022-01-25,armed,,False,False,-0.02176500087099856,0.30662257117063485
2022-01-26,armed,,False,False,0.0017608764556333106,0.3067857198456496
2022-01-27,armed,,False,False,-0.013274026281297337,0.30404640848296033
2022-01-28,armed,,False,False,0.02365280175244974,0.2968073636775158
2022-01-31,armed,,False,False,0.03226837437900842,0.3046546947311557
2022-02-01,armed,,False,False,0.011174316207774405,0.3150968792769377
2022-02-02,armed,,False,False,0.007000938667523003,0.31902939881071124
2022-02-03,armed,,False,False,-0.031304178402399685,0.31624172602643164
2022-02-04,armed,,False,False,0.013573877371110803,0.3206823330795028
2022-02-07,armed,,False,False,-0.0015836959848038008,0.3191609679787486
2022-02-08,armed,,False,False,0.011226477813907385,0.3167226475154847
2022-02-09,armed,,False,False,0.022142227593481778,0.3201478603232838
2022-02-10,armed,,False,False,-0.016902803322230462,0.3245348040722314
2022-02-11,armed,,False,False,-0.026914114901617336,0.32818968739325916
2022-02-14,armed,,False,False,-0.0024689602563854633,0.33763601067476123
2022-02-15,armed,,False,False,0.03120260657981659,0.3378517540279637
2022-02-16,armed,,False,False,0.0002552485844983122,0.35073662535246647
2022-02-17,armed,,False,False,-0.02993838912187807,0.3536346915471115
2022-02-18,armed,,False,False,-0.012025114760779523,0.3632209502325065
2022-02-22,armed,,False,False,-0.015045681548956216,0.36383710861173246
2022-02-23,halt_new_entries,magnitude,True,False,-0.025787193330519525,0.36438778115978315
2022-02-24,halt_new_entries,,False,False,0.02482495124739762,0.3569317801305208
2022-02-25,halt_new_entries,,False,False,0.016800936413612466,0.35150935345743306
2022-02-28,armed,,False,False,-0.0020826821647673293,0.34888942971719916
2022-03-01,armed,,False,False,-0.018517210945084097,0.34782487462094086
2022-03-02,armed,,False,False,0.021442972663457502,0.3498509710228377
2022-03-03,armed,,False,False,-0.016943663244616596,0.35924567098088783
2022-03-04,armed,,False,False,-0.02130564220220812,0.3598285418842238
2022-03-07,armed,,False,False,-0.03616774359776887,0.35239199361632967
2022-03-08,armed,,False,False,0.000618422150430752,0.3653902738301587
2022-03-09,armed,,False,False,0.036628710114682696,0.36475676104871024
2022-03-10,armed,,False,False,-0.008703808514152762,0.3858558915868896
2022-03-11,armed,,False,False,-0.015948854583148965,0.3845866055564638
2022-03-14,armed,,False,False,-0.018178507957633806,0.3865771618972595
2022-03-15,armed,,False,False,0.029021613195170874,0.38052503557955986
2022-03-16,armed,,False,False,0.035323865018073136,0.39988370419945973
2022-03-17,armed,,False,False,0.015000038431851034,0.41250170057969066
2022-03-18,armed,,False,False,0.01653735736352118,0.4134536419468718
2022-03-21,armed,,False,False,-0.006995906826272853,0.41086143618472243
2022-03-22,armed,,False,False,0.01645486189110432,0.4097039531016195
2022-03-23,armed,,False,False,-0.017690420481761216,0.41038431258751545
2022-03-24,armed,,False,False,0.022975746106690495,0.41107384598307994
2022-03-25,armed,,False,False,-0.0005730849087415401,0.4146626784217537
2022-03-28,armed,,False,False,0.008493346645208682,0.41435291802175267
2022-03-29,armed,,False,False,0.019835356925802256,0.4139778693081475
2022-03-30,armed,,False,False,-0.01515367788292314,0.41476764264182736
2022-03-31,armed,,False,False,-0.0164448112007597,0.417491967110337
2022-04-01,armed,,False,False,-0.002775884123862477,0.423021616053991
2022-04-04,armed,,False,False,0.014160523717499504,0.42079814692219686
2022-04-05,armed,,False,False,-0.025748530277196396,0.42335967232134714
2022-04-06,armed,,False,False,-0.01784637966178694,0.4292052829185148
2022-04-07,armed,,False,False,0.0010250947808339214,0.428853884748084
2022-04-08,armed,,False,False,-0.0090077405360956,0.42812557032991655
2022-04-11,armed,,False,False,-0.015500146065782105,0.4268471913006874
2022-04-12,armed,,False,False,-0.004013100264532397,0.42743194807773816
2022-04-13,armed,,False,False,0.01694704244069196,0.431813755162889
2022-04-14,armed,,False,False,-0.018673313234659025,0.42832204011513353
2022-04-18,armed,,False,False,0.001216779229907766,0.42876845984756495
2022-04-19,armed,,False,False,0.02535917245511833,0.4252702965048595
2022-04-20,halt_new_entries,magnitude,True,False,-0.007809052177143804,0.42732522560920344
2022-04-21,halt_new_entries,,False,False,-0.021188144211034,0.4211901063680504
2022-04-22,halt_new_entries,,False,False,-0.026738494233446763,0.42159092397100717
2022-04-25,armed,,False,False,0.012986076614206532,0.4351402300635543
2022-04-26,armed,,False,False,-0.03496351654578668,0.4471174806483981
2022-04-27,armed,,False,False,-0.0016923281520694591,0.45606431651256124
2022-04-28,armed,,False,False,0.03558803878123291,0.44533500866073067
2022-04-29,armed,,False,False,-0.03719840386683479,0.4536571689947906
2022-05-02,armed,,False,False,0.016460018901432873,0.46856061682686184
2022-05-03,armed,,False,False,0.005279318650663998,0.4697002500657662
2022-05-04,armed,,False,False,0.03653621207479384,0.4702145640876781
2022-05-05,armed,,False,False,-0.042262472441942825,0.4810890775742916
2022-05-06,armed,,False,False,-0.013232049187035301,0.4921862472055496
2022-05-09,armed,,False,False,-0.048307508192320374,0.48849190347514343
2022-05-10,armed,,False,False,0.004911446537937439,0.4974810046264071
2022-05-11,armed,,False,False,-0.026608635851390828,0.49082076644506023
2022-05-12,armed,,False,False,0.009855742225776553,0.4908503400259112
2022-05-13,armed,,False,False,0.042732051035402605,0.48006519579606277
2022-05-16,armed,,False,False,-0.015125774978905411,0.4902002841059599
2022-05-17,armed,,False,False,0.029240468319527452,0.48807084187781075
2022-05-18,armed,,False,False,-0.045977607733834434,0.4904206396509732
2022-05-19,armed,,False,False,-0.0032797704932484312,0.5055722737110296
2022-05-20,armed,,False,False,-0.0005044527901132685,0.4974289543452096
2022-05-23,armed,,False,False,0.015192252533847471,0.5021282388421632
2022-05-24,armed,,False,False,-0.024760501505583288,0.49988722604383445
2022-05-25,armed,,False,False,0.020021046176576858,0.5004918740152426
2022-05-26,armed,,False,False,0.02784903121234353,0.5015449158870102
2022-05-27,armed,,False,False,0.03402429680299101,0.5032415595094666
2022-05-31,armed,,False,False,-0.009541708707144618,0.5096398061062902
2022-06-01,armed,,False,False,-0.00849464040217885,0.5107840785485719
2022-06-02,armed,,False,False,0.03235091217725498,0.505676291107086
2022-06-03,armed,,False,False,-0.023220961024680915,0.5150380009141241
2022-06-06,armed,,False,False,0.005046297026461755,0.5124011869984878
2022-06-07,armed,,False,False,0.01055464196104576,0.5149014986576517
2022-06-08,armed,,False,False,-0.010612436222376826,0.5162087312711293
2022-06-09,armed,,False,False,-0.0293976571510818,0.5192065069401315
2022-06-10,armed,,False,False,-0.03674963171401317,0.5236441039999139
2022-06-13,armed,,False,False,-0.04807401531526433,0.5290144886506061
2022-06-14,armed,,False,False,-0.0005078923782537394,0.5439444608818514
2022-06-15,armed,,False,False,0.01955097270294931,0.5373814514846911
2022-06-16,armed,,False,False,-0.04332577479774078,0.5399455366839306
2022-06-17,armed,,False,False,0.010426839737040172,0.5460145163527014
2022-06-21,armed,,False,False,0.026514191210776666,0.5436570157435285
2022-06-22,armed,,False,False,-0.005941576015393188,0.5481945650557162
2022-06-23,armed,,False,False,0.01155747850827089,0.5468202040022644
2022-06-24,armed,,False,False,0.03898823180000647,0.5440886987586988
2022-06-27,armed,,False,False,-0.004733610320538667,0.5551990867567816
2022-06-28,armed,,False,False,-0.026192955153239494,0.5551163003904103
2022-06-29,armed,,False,False,-0.008772882896793266,0.5567356409282901
2022-06-30,armed,,False,False,-0.014349423769741151,0.5563160313392085
2022-07-01,armed,,False,False,-0.0005889262895092198,0.556392488557326
2022-07-05,armed,,False,False,0.011672342382654625,0.5493484767355397
2022-07-06,armed,,False,False,0.000441543413791381,0.548960866028042
2022-07-07,armed,,False,False,0.026251242296820364,0.5487633821760811
2022-07-08,armed,,False,False,0.0022714336933220254,0.5541242279295311
2022-07-11,armed,,False,False,-0.019649112756328288,0.5563490462520181
2022-07-12,armed,,False,False,-0.008059888508762178,0.5575514358833898
2022-07-13,armed,,False,False,-0.0030569373475115187,0.5546997626714056
2022-07-14,armed,,False,False,-0.0015523915035029843,0.5558683678552441
2022-07-15,armed,,False,False,0.026964342306063756,0.5551815920921334
2022-07-18,armed,,False,False,-0.002635851870392489,0.5552079073676048
2022-07-19,armed,,False,False,0.03464380123952455,0.5627029168325832
2022-07-20,armed,,False,False,0.019917805290423075,0.5680011559317125
2022-07-21,armed,,False,False,0.012730735936107513,0.5612424378531415
2022-07-22,armed,,False,False,-0.01911481823835272,0.5585331607580418
2022-07-25,armed,,False,False,-0.0034146473070255736,0.5519119302128173
2022-07-26,armed,,False,False,-0.020190005435994703,0.5575538957143226
2022-07-27,armed,,False,False,0.034342773763471036,0.552478835799771
2022-07-28,armed,,False,False,0.012964908813724519,0.544964743482723
2022-07-29,armed,,False,False,0.013166767150924142,0.5453498809827555
2022-08-01,armed,,False,False,0.0011986950677976762,0.5437903668634889
2022-08-02,armed,,False,False,0.000751652935912343,0.5359172862673446
2022-08-03,armed,,False,False,0.023420403449677694,0.5214302317136982
2022-08-04,armed,,False,False,0.0039022213751524005,0.5235745134611713
2022-08-05,armed,,False,False,-0.0015485171996326053,0.5098293780603687
2022-08-08,armed,,False,False,-0.001996037550432779,0.5122955128767865
2022-08-09,armed,,False,False,-0.0212981357577128,0.5101891695458721
2022-08-10,armed,,False,False,0.034575225614727714,0.5140948168615125
2022-08-11,armed,,False,False,-0.004754347335465918,0.5145613647512765
2022-08-12,armed,,False,False,0.021152455317934023,0.5142744647354338
2022-08-15,armed,,False,False,0.00227153420572889,0.5171530627889656
2022-08-16,armed,,False,False,-0.001830248436238245,0.49409876495570393
2022-08-17,armed,,False,False,-0.014785847259825555,0.5000946288050293
2022-08-18,armed,,False,False,0.007778239462695551,0.5057969239671265
2022-08-19,armed,,False,False,-0.023012478099157515,0.5046633080861369
2022-08-22,armed,,False,False,-0.027069503923231743,0.511387595757014
2022-08-23,armed,,False,False,0.0025757195159284148,0.5199694162160147
2022-08-24,armed,,False,False,0.003504079747267431,0.5116304873649968
2022-08-25,armed,,False,False,0.020576265411469584,0.5048018357392358
2022-08-26,armed,,False,False,-0.042460150197451356,0.5079230882727821
2022-08-29,armed,,False,False,-0.01031484830164801,0.5288538585625411
2022-08-30,armed,,False,False,-0.010779157929393964,0.5261794122279337
2022-08-31,armed,,False,False,-0.009828465984160484,0.5243106454127745
2022-09-01,armed,,False,False,-0.008423024924225283,0.5257205256042312
2022-09-02,armed,,False,False,-0.010135904075373329,0.5183853451336388
2022-09-06,armed,,False,False,-0.008893039711791189,0.5192869847926089
2022-09-07,armed,,False,False,0.01869310975221182,0.5115108258853767
2022-09-08,armed,,False,False,0.01413607257493443,0.5036736442164447
2022-09-09,armed,,False,False,0.023952167485414195,0.4780668088564818
2022-09-12,armed,,False,False,0.009393876890652823,0.4886024796818973
2022-09-13,armed,,False,False,-0.049386669262407056,0.4880405660354055
2022-09-14,armed,,False,False,0.004594114098050255,0.5039592059444415
2022-09-15,armed,,False,False,-0.012583489085358304,0.5045730608897304
2022-09-16,armed,,False,False,-0.011154358363594227,0.49225720366585085
2022-09-19,armed,,False,False,0.0016606802797774131,0.4929470600484335
2022-09-20,armed,,False,False,-0.014015613133587524,0.4972629243312233
2022-09-21,armed,,False,False,-0.015257550842897117,0.48200509076263864
2022-09-22,armed,,False,False,-0.01740822636632053,0.4871327921281171
2022-09-23,armed,,False,False,-0.018732101139547683,0.48038911477713886
2022-09-26,armed,,False,False,-0.012456539114176346,0.4857695875197026
2022-09-27,armed,,False,False,0.0044689035623498175,0.4867627416705917
2022-09-28,armed,,False,False,0.02339528074309358,0.4944032786265309
2022-09-29,armed,,False,False,-0.024341315394327302,0.5057459087541669
2022-09-30,armed,,False,False,-0.011763187312700967,0.512680617568649
2022-10-03,armed,,False,False,0.030526630886780686,0.508811429030892
2022-10-04,armed,,False,False,0.03923033574629418,0.5193104701844895
2022-10-05,armed,,False,False,0.000650584860680995,0.5358883586815316
2022-10-06,armed,,False,False,-0.0055781063888835055,0.5398008637209298
2022-10-07,armed,,False,False,-0.03812773740789415,0.5399109319466435
2022-10-10,armed,,False,False,-0.017505443276757147,0.5565687769079278
2022-10-11,armed,,False,False,-0.014761996088340385,0.5530485312328622
2022-10-12,armed,,False,False,-0.002931122971032196,0.5510568814287979
2022-10-13,armed,,False,False,0.023455749553423662,0.5418112155900429
2022-10-14,armed,,False,False,-0.028824735738318612,0.5482339098447412
2022-10-17,armed,,False,False,0.028979656730103092,0.5548216373468451
2022-10-18,armed,,False,False,0.011056757430574271,0.56512090120699
2022-10-19,armed,,False,False,-0.003339928589397005,0.5664767281393827
2022-10-20,armed,,False,False,0.0052627768208885276,0.566495749439181
2022-10-21,armed,,False,False,0.031042133560819127,0.5547421875724313
2022-10-24,armed,,False,False,0.008028883025312933,0.5672575344865095
2022-10-25,armed,,False,False,0.02336158135876393,0.5746589997752747
2022-10-26,armed,,False,False,-0.007643974022112584,0.5800058513227598
2022-10-27,armed,,False,False,-0.0029851972836951097,0.5706885081040428
2022-10-28,armed,,False,False,0.023201599287241664,0.5561052590722858
2022-10-31,armed,,False,False,-0.01172085498111857,0.560742804278478
2022-11-01,armed,,False,False,0.003509509766852895,0.5634772210805632
2022-11-02,armed,,False,False,-0.02763923084130274,0.560989894323806
2022-11-03,armed,,False,False,-0.012796179722459902,0.5671108118971669
2022-11-04,armed,,False,False,0.015129412902655355,0.5507857572057668
2022-11-07,armed,,False,False,0.009273565259321711,0.5459180510456281
2022-11-08,armed,,False,False,0.0006391325380005,0.5383465434355189
2022-11-09,armed,,False,False,-0.027216022676532736,0.5310140512219877
2022-11-10,halt_new_entries,magnitude,True,False,0.07155023400701492,0.5360851571787033
2022-11-11,halt_new_entries,,False,False,0.02405793467728703,0.5737704332891971
2022-11-14,halt_new_entries,,False,False,-0.01227821970956399,0.5718180908520474
2022-11-15,armed,,False,False,0.01887171937868238,0.5687965130315192
2022-11-16,armed,,False,False,-0.025303435616459577,0.5611569144685433
2022-11-17,armed,,False,False,-0.0025173166868793055,0.5640379215771874
2022-11-18,armed,,False,False,0.0005955400254533732,0.5613176731365732
2022-11-21,armed,,False,False,-0.013205525574068637,0.5573160641952933
2022-11-22,armed,,False,False,0.01751226103506534,0.5424764851282253
2022-11-23,armed,,False,False,0.011330074251684955,0.5430117701107635
2022-11-25,armed,,False,False,-0.0030597344286344185,0.5425954355347931
2022-11-28,armed,,False,False,-0.018763798958621937,0.5417166530859082
2022-11-29,armed,,False,False,-0.0023745995845738284,0.5496883909216511
2022-11-30,armed,,False,False,0.03653306456580031,0.5490325514589481
2022-12-01,armed,,False,False,-0.0015575324593345749,0.552937393011253
2022-12-02,armed,,False,False,-0.003788370707188471,0.5465169230978107
2022-12-05,armed,,False,False,-0.022184910588316745,0.5446596454941396
2022-12-06,armed,,False,False,-0.020247719295136343,0.5439490332520125
2022-12-07,armed,,False,False,-0.005197772743915051,0.5446743521636013
2022-12-08,armed,,False,False,0.016850557360835905,0.520953606741273
2022-12-09,armed,,False,False,-0.008158272366604867,0.5181212201615456
2022-12-12,armed,,False,False,0.017850515670016796,0.522850939664162
2022-12-13,armed,,False,False,0.008982502412292833,0.5269039094202426
2022-12-14,armed,,False,False,-0.00808462270685297,0.5258547171804967
2022-12-15,armed,,False,False,-0.03713568393598021,0.5238647982428104
2022-12-16,armed,,False,False,-0.008621450649278325,0.5339641162158895
2022-12-19,armed,,False,False,-0.01310386575055813,0.5352057059335187
2022-12-20,armed,,False,False,0.002672211802044182,0.5341816717887533
2022-12-21,armed,,False,False,0.013948872951199514,0.5327319179208666
2022-12-22,armed,,False,False,-0.022485282490829546,0.5364485157605534
2022-12-23,armed,,False,False,0.0037800005050283186,0.5358561222115769
2022-12-27,armed,,False,False,-0.008691977352477643,0.5307487167983338
2022-12-28,armed,,False,False,-0.010528033708191834,0.5287573132892952
2022-12-29,armed,,False,False,0.027835270875244084,0.5229863532272093
2022-12-30,armed,,False,False,0.0008469878764487666,0.5123448798464674
2023-01-03,armed,,False,False,-0.0027799533812802295,0.5140996604405031
2023-01-04,armed,,False,False,0.01540786434458461,0.5132232391198535
2023-01-05,armed,,False,False,-0.01624724360675088,0.4959003537630996
2023-01-06,armed,,False,False,0.027367874356011037,0.4938561322167572
2023-01-09,armed,,False,False,0.011566891228643263,0.5014183375432533
2023-01-10,armed,,False,False,0.008246868729035768,0.4971019480856553
2023-01-11,armed,,False,False,0.011847781464423241,0.4931892998548769
2023-01-12,armed,,False,False,0.008421403625286861,0.48529582183726294
2023-01-13,armed,,False,False,0.005563645329526416,0.4779087666029216
2023-01-17,armed,,False,False,0.0023011118206204256,0.47719140692649603
2023-01-18,armed,,False,False,-0.014953851190868955,0.47687261657425534
2023-01-19,armed,,False,False,-0.013430312644591113,0.48678500758445636
2023-01-20,armed,,False,False,0.02612896810777861,0.47506183641126726
2023-01-23,armed,,False,False,0.026837091972217633,0.4792935766296273
2023-01-24,armed,,False,False,-0.003422575697713406,0.4778445068179647
2023-01-25,armed,,False,False,-0.0003099751854186428,0.48847016517335645
2023-01-26,armed,,False,False,0.015002867097857926,0.4974580865821648
2023-01-27,armed,,False,False,0.006152116959715232,0.4928750242179257
2023-01-30,armed,,False,False,-0.018758760661141426,0.48620374518744314
2023-01-31,armed,,False,False,0.015281376560957466,0.49448118060497576
2023-02-01,armed,,False,False,0.025810757708133018,0.48620094423769233
2023-02-02,armed,,False,False,0.025009211411399317,0.4908718179043824
2023-02-03,armed,,False,False,-0.01652438162511158,0.48892124643938845
2023-02-06,armed,,False,False,-0.010764308338148718,0.490066527360828
2023-02-07,armed,,False,False,0.01581117063070212,0.4979132440606123
2023-02-08,armed,,False,False,-0.009648889299846475,0.4903220779606026
2023-02-09,armed,,False,False,-0.003471431319152183,0.43123914806687036
2023-02-10,armed,,False,False,-0.007819810993164469,0.4252141101964193
2023-02-13,armed,,False,False,0.012782390807019315,0.42220951162619813
2023-02-14,armed,,False,False,0.01152439958102843,0.42521494176239466
2023-02-15,armed,,False,False,0.011348013488599788,0.4186859316942925
2023-02-16,armed,,False,False,-0.018186909135473574,0.41952568580632926
2023-02-17,armed,,False,False,-0.008848168293539972,0.42389193338811637
2023-02-21,armed,,False,False,-0.025701134074421723,0.42242603302750975
2023-02-22,armed,,False,False,0.002244492524500976,0.42946595709257135
2023-02-23,armed,,False,False,0.010033371532479492,0.4257504044422541
2023-02-24,armed,,False,False,-0.014802008295851318,0.42429843454609406
2023-02-27,armed,,False,False,0.002788086695744076,0.4185372434462171
2023-02-28,armed,,False,False,0.0019270766787793001,0.4185340725882453
2023-03-01,armed,,False,False,-0.0026329037087952593,0.4023031541716129
2023-03-02,armed,,False,False,0.006920077806766051,0.40671631521920715
2023-03-03,armed,,False,False,0.015070782755905666,0.40597414926831477
2023-03-06,armed,,False,False,-0.0028972341363313826,0.40067483648627283
2023-03-07,armed,,False,False,-0.014923149044882632,0.3935028617804802
2023-03-08,armed,,False,False,0.007331311117370389,0.3992780081233724
2023-03-09,armed,,False,False,-0.022363126260349746,0.4006078959487496
2023-03-10,armed,,False,False,-0.018286379792983525,0.40597795706018613
2023-03-13,armed,,False,False,-0.0022999305968861754,0.40151595720680416
2023-03-14,armed,,False,False,0.02111245819552385,0.3963983906565521
2023-03-15,armed,,False,False,-0.007405099947713553,0.40150278674486517
2023-03-16,armed,,False,False,0.024845275928705612,0.37268777801518804
2023-03-17,armed,,False,False,-0.008725026662595546,0.37895710376458774
2023-03-20,armed,,False,False,0.00788316071077341,0.3781142070559743
2023-03-21,armed,,False,False,0.017761757431050115,0.3788119011234796
2023-03-22,armed,,False,False,-0.018049682696288913,0.37736310771419
2023-03-23,armed,,False,False,0.01009303993822905,0.37801678236522157
2023-03-24,armed,,False,False,-0.0029432149570214885,0.3741771307932198
2023-03-27,armed,,False,False,0.0006800691649353591,0.37362168304781296
2023-03-28,armed,,False,False,-0.004702868897047833,0.3664249386301348
2023-03-29,armed,,False,False,0.02161387661376002,0.355831899674466
2023-03-30,armed,,False,False,0.007672588265405535,0.3607841628550128
2023-03-31,armed,,False,False,0.01670277400621863,0.36433341976070327
2023-04-03,armed,,False,False,-0.000158757211764673,0.36985865362767606
2023-04-04,armed,,False,False,-0.008584196700756497,0.36842875540399805
2023-04-05,armed,,False,False,-0.00972148795135497,0.35844640386410953
2023-04-06,armed,,False,False,-0.003917879199732193,0.35937648791176025
2023-04-10,armed,,False,False,0.011231142380960554,0.35513225412973226
2023-04-11,armed,,False,False,-0.0003747854388234061,0.3534840060767703
2023-04-12,armed,,False,False,-0.005975593873099591,0.3530961008106869
2023-04-13,armed,,False,False,0.012539846016752053,0.3541096325302062
2023-04-14,armed,,False,False,-0.0006890175901585449,0.3581417898773287
2023-04-17,armed,,False,False,0.0019196418341860103,0.3491146399432679
2023-04-18,armed,,False,False,0.0010604124289639884,0.34611994188589856
2023-04-19,armed,,False,False,-0.008111726059083129,0.3364690028798851
2023-04-20,armed,,False,False,-0.00842943503399134,0.3279330281873559
2023-04-21,armed,,False,False,-0.00015682697446958602,0.3246621296568931
2023-04-24,armed,,False,False,-0.0032744109467247396,0.32505231337942037
2023-04-25,armed,,False,False,-0.02272910412012276,0.3268437650298509
2023-04-26,armed,,False,False,0.0003887193893701397,0.3416510091824343
2023-04-27,armed,,False,False,0.016515533067982167,0.3328769284049426
2023-04-28,armed,,False,False,0.011216501168590576,0.3337470723559358
2023-05-01,armed,,False,False,-0.0014016832776453836,0.3285485196439339
2023-05-02,armed,,False,False,-0.013248994552472347,0.3248216791633553
2023-05-03,armed,,False,False,-0.0019673932268996176,0.32187911755162885
2023-05-04,armed,,False,False,-0.006784571662964625,0.31654335636127456
2023-05-05,armed,,False,False,0.019065152748216976,0.3113832196783596
2023-05-08,armed,,False,False,0.0062844311098166255,0.31732203948722276
2023-05-09,armed,,False,False,-0.0016237737769317629,0.3213679800109798
2023-05-10,armed,,False,False,0.0073848120447334055,0.32160083904335196
2023-05-11,armed,,False,False,0.000989606810344331,0.3160560077945505
2023-05-12,armed,,False,False,-0.004903057383826962,0.31321196158179115
2023-05-15,armed,,False,False,0.015167672346792685,0.31331756466434024
2023-05-16,armed,,False,False,-0.0056970295673753205,0.3085735854632615
2023-05-17,armed,,False,False,0.02215871802295756,0.3089445962468066
2023-05-18,armed,,False,False,0.020286797005345806,0.30158079322332093
2023-05-19,armed,,False,False,-0.00310472624431218,0.3092313755320038
2023-05-22,armed,,False,False,0.005167381854347869,0.31111278484234567
2023-05-23,armed,,False,False,-0.01108139355058979,0.30597365879164556
2023-05-24,armed,,False,False,-0.007815170666490314,0.30799729426866146
2023-05-25,armed,,False,False,0.024124351523018964,0.306400986930504
2023-05-26,armed,,False,False,0.03414635171240433,0.3004811903647861
2023-05-30,armed,,False,False,0.005032821183475034,0.31077981854475495
2023-05-31,armed,,False,False,-0.010305368499592488,0.30588828327846934
2023-06-01,armed,,False,False,0.008972980654565414,0.307186105750498
2023-06-02,armed,,False,False,0.012107071727333725,0.29979959377935766
2023-06-05,armed,,False,False,-0.005430509102857039,0.30057996682507776
2023-06-06,armed,,False,False,0.0015574305934394556,0.2895183324508222
2023-06-07,armed,,False,False,-0.0038544544237579955,0.2788616197188875
2023-06-08,armed,,False,False,0.01047479749913188,0.27717813027605503
2023-06-09,armed,,False,False,0.0026697386434787382,0.27128843936160907
2023-06-12,armed,,False,False,0.015495842579291963,0.27046392848149764
2023-06-13,armed,,False,False,0.008298544586098288,0.26381888055375785
2023-06-14,armed,,False,False,0.00647878747517403,0.26197308499162986
2023-06-15,armed,,False,False,0.009314748571933222,0.2593287387034472
2023-06-16,armed,,False,False,-0.0037573526780811527,0.2586670673349126
2023-06-20,armed,,False,False,-0.006692020067244197,0.24775142824414428
2023-06-21,armed,,False,False,-0.015803704831774568,0.2516844875887285
2023-06-22,armed,,False,False,0.0037606944019604113,0.2557570088270794
2023-06-23,armed,,False,False,-0.009407164905606589,0.25655431583332333
2023-06-26,armed,,False,False,-0.0010748021565164447,0.2588606531837407
2023-06-27,armed,,False,False,0.020553810971034862,0.2501873292192934
2023-06-28,armed,,False,False,-5.064800142392964e-05,0.25450295817699764
2023-06-29,armed,,False,False,0.004201651429800543,0.2497778967254263
2023-06-30,armed,,False,False,0.011828276090424285,0.24894070081760608
2023-07-03,armed,,False,False,0.005628181147421801,0.24918051782751413
2023-07-05,armed,,False,False,-0.004468498706250495,0.24666394803573088
2023-07-06,armed,,False,False,-0.013062507634758828,0.24855260142188032
2023-07-07,armed,,False,False,0.0003557879640403028,0.2549231290879613
2023-07-10,armed,,False,False,0.011503150843885762,0.2550455492849058
2023-07-11,armed,,False,False,0.00918069202083235,0.25375847370967136
2023-07-12,armed,,False,False,0.006049628324028037,0.25171014742467973
2023-07-13,armed,,False,False,0.017754049199715634,0.2550281231056051
2023-07-14,armed,,False,False,-0.007021525504360371,0.2584165525973228
2023-07-17,armed,,False,False,0.010370016174468524,0.25923087185365834
2023-07-18,armed,,False,False,0.0058953021660387815,0.25863026687205565
2023-07-19,armed,,False,False,0.003108520635711071,0.25982750359341006
2023-07-20,armed,,False,False,-0.01599822742650315,0.2584994560907969
2023-07-21,armed,,False,False,0.0017703602803190858,0.26094686351229773
2023-07-24,armed,,False,False,0.004346908254725967,0.24583823097223767
2023-07-25,armed,,False,False,0.0066381146658317436,0.24786683357099523
2023-07-26,armed,,False,False,-0.0006430765839547784,0.24620634637483102
2023-07-27,armed,,False,False,0.0022791267637603083,0.24071279602685752
2023-07-28,armed,,False,False,0.012650661818419721,0.23529966315293122
2023-07-31,armed,,False,False,0.007717581297545233,0.23127970554570593
2023-08-01,armed,,False,False,0.002256547200540857,0.23158084456301076
2023-08-02,armed,,False,False,-0.01715593688571886,0.22725095149127192
2023-08-03,armed,,False,False,-0.0001508871902106165,0.23068831411616003
2023-08-04,armed,,False,False,-0.001428361536630989,0.229652103810774
2023-08-07,armed,,False,False,0.00986754602829842,0.2273461043609668
2023-08-08,armed,,False,False,-0.00842200830564565,0.2286961063868828
2023-08-09,armed,,False,False,-0.01655890791397792,0.23179358144195575
2023-08-10,armed,,False,False,0.004701535247332635,0.2365422448160088
2023-08-11,armed,,False,False,-0.005759672934228426,0.2352004324109047
2023-08-14,armed,,False,False,0.012987804844496726,0.2350762780688681
2023-08-15,armed,,False,False,-0.013022943905457267,0.22877119794711864
2023-08-16,armed,,False,False,-0.016295003778799045,0.23018150746450272
2023-08-17,armed,,False,False,-0.009183671736220516,0.232874895455656
2023-08-18,armed,,False,False,0.003124660487881995,0.23464154780162028
2023-08-21,armed,,False,False,0.01429270645487024,0.23153384867278115
2023-08-22,armed,,False,False,-0.0016992646957216867,0.23272426591696213
2023-08-23,armed,,False,False,0.014843279010222874,0.23307559806774977
2023-08-24,armed,,False,False,-0.022710052752152213,0.224935871848394
2023-08-25,armed,,False,False,0.00815988702404958,0.23789400341099248
2023-08-28,armed,,False,False,0.008009974621488884,0.2361554360047735
2023-08-29,armed,,False,False,0.019240754187135545,0.23747466758049912
2023-08-30,armed,,False,False,0.005671848694935478,0.2402610843439626
2023-08-31,armed,,False,False,0.008057467816299936,0.24060909370648048
2023-09-01,armed,,False,False,0.0065805230366257905,0.2413489862421384
2023-09-05,armed,,False,False,-0.00283363860446823,0.2437051323892792
2023-09-06,armed,,False,False,-0.0038254269842069788,0.2442029954313276
2023-09-07,armed,,False,False,-0.0077911038188893346,0.24558514264534323
2023-09-08,armed,,False,False,0.0017847208305135818,0.24213026041181757
2023-09-11,armed,,False,False,0.005862549393983324,0.2425279766653449
2023-09-12,armed,,False,False,-0.009512232502418595,0.2439670503604762
2023-09-13,armed,,False,False,0.0004049463065608859,0.24041278309991812
2023-09-14,armed,,False,False,0.009232902071152287,0.24087023478195024
2023-09-15,armed,,False,False,-0.016124522499082066,0.2398976061916871
2023-09-18,armed,,False,False,0.0016615813749360977,0.24164752159878114
2023-09-19,armed,,False,False,-0.005234861140457673,0.24360084144378366
2023-09-20,armed,,False,False,-0.00940842276019644,0.24118424368483127
2023-09-21,armed,,False,False,-0.020170750815893288,0.24502981991058134
2023-09-22,armed,,False,False,0.0008829440239136546,0.25030385453999054
2023-09-25,armed,,False,False,0.004259034449037565,0.25057050361883865
2023-09-26,armed,,False,False,-0.014527643071538691,0.25377626625062244
2023-09-27,armed,,False,False,0.005833004224650552,0.25829344000220855
2023-09-28,armed,,False,False,0.01146549731711841,0.2589717479341079
2023-09-29,armed,,False,False,0.0003879682474896364,0.26012559831216037
2023-10-02,armed,,False,False,0.0024838404962863117,0.25423043010417906
2023-10-03,armed,,False,False,-0.018519833242809272,0.25389843370317483
2023-10-04,armed,,False,False,0.009587225518470511,0.261491237352228
2023-10-05,armed,,False,False,-0.0017836538222901416,0.2617904435396066
2023-10-06,armed,,False,False,0.015835956407971367,0.26132333313176026
2023-10-09,armed,,False,False,0.0031947033301774025,0.26137183775760225
2023-10-10,armed,,False,False,0.008628765712368832,0.2623765777062439
2023-10-11,armed,,False,False,0.004439089084054322,0.2616169228485273
2023-10-12,armed,,False,False,-0.0059053963972349,0.26317796178465847
2023-10-13,armed,,False,False,-0.013447567231871311,0.2642991615746879
2023-10-16,armed,,False,False,0.011584533642340179,0.2663947866095289
2023-10-17,armed,,False,False,0.001507411586690586,0.2717341566481306
2023-10-18,armed,,False,False,-0.01680458895829895,0.27042210468843664
2023-10-19,armed,,False,False,-0.010418648268691995,0.27774802434406876
2023-10-20,armed,,False,False,-0.01471050319701526,0.285241724378667
2023-10-23,armed,,False,False,-0.002962685197319263,0.2966963237458863
2023-10-24,armed,,False,False,0.013509350791909694,0.29532154166628843
2023-10-25,armed,,False,False,-0.024433828554855656,0.2994229855733264
2023-10-26,armed,,False,False,-0.014167009457558047,0.310151976138129
2023-10-27,armed,,False,False,-0.0012700624258256056,0.302955063607027
2023-10-30,armed,,False,False,0.012813295146847972,0.3017022042985917
2023-10-31,armed,,False,False,0.009774921705790288,0.3112229053470568
2023-11-01,armed,,False,False,0.01326632300169432,0.3068845779929817
2023-11-02,armed,,False,False,0.02346182539618538,0.3139049782896386
2023-11-03,armed,,False,False,0.015205114343907483,0.324750473993899
2023-11-06,armed,,False,False,0.000496275083246477,0.33117973979908516
2023-11-07,armed,,False,False,0.009527236492783383,0.3312381153617915
2023-11-08,armed,,False,False,0.0002927374334716082,0.32746621507131946
2023-11-09,armed,,False,False,-0.006909479479949187,0.3196599539060737
2023-11-10,armed,,False,False,0.02329132236218588,0.31903713681496826
2023-11-13,armed,,False,False,-7.675565667734556e-05,0.3317624008870378
2023-11-14,armed,,False,False,0.02554028314766805,0.33114406329926166
2023-11-15,armed,,False,False,0.0025397150558835475,0.3451420744601104
2023-11-16,armed,,False,False,-0.005537271812095103,0.3440175394024365
2023-11-17,armed,,False,False,0.006052553572363077,0.33088255988933124
2023-11-20,armed,,False,False,0.011323131754061676,0.3207738679377655
2023-11-21,armed,,False,False,-0.007814109286529864,0.3233533228462762
2023-11-22,armed,,False,False,0.005527423746410802,0.3226688076838787
2023-11-24,armed,,False,False,0.001986044406208612,0.31695883923719
2023-11-27,armed,,False,False,-0.0003536848153760873,0.31739955371988354
2023-11-28,armed,,False,False,0.0012040355169536442,0.32303865049392577
2023-11-29,armed,,False,False,0.006446195148457777,0.32728587442236845
2023-11-30,armed,,False,False,0.003073136406282714,0.32536677275255527
2023-12-01,armed,,False,False,0.0068772261723487865,0.3223573339549948
2023-12-04,armed,,False,False,-0.00679928024064362,0.32455938138027246
2023-12-05,armed,,False,False,-0.00238164337199949,0.3247077098652301
2023-12-06,armed,,False,False,-0.005344234404823614,0.3240621287998061
2023-12-07,armed,,False,False,0.013644383955158181,0.3265908316157949
2023-12-08,armed,,False,False,0.008925988393419201,0.329219810260433
2023-12-11,armed,,False,False,0.009627269668376978,0.3291169239388931
2023-12-12,armed,,False,False,0.0029363318344361265,0.32009980334924576
2023-12-13,armed,,False,False,0.014226959858831507,0.3169277208247927
2023-12-14,armed,,False,False,0.01145812013862855,0.31971217377171307
2023-12-15,armed,,False,False,0.0035475550404494814,0.3070716115780518
2023-12-18,armed,,False,False,0.004895350811457745,0.29153564177133284
2023-12-19,armed,,False,False,0.009168087106943675,0.2908010630078809
2023-12-20,armed,,False,False,-0.018192428297006607,0.29120940803971995
2023-12-21,armed,,False,False,0.01589230369840433,0.29361362765525617
2023-12-22,armed,,False,False,0.002270821094032561,0.29711734025271924
2023-12-26,armed,,False,False,0.006920750241797318,0.29898581863507007
2023-12-27,armed,,False,False,0.0026592563233500755,0.30036461327686953
2023-12-28,armed,,False,False,-0.0007081823029283066,0.30231676987499756
2023-12-29,armed,,False,False,-0.007194264550733315,0.29155433577368645
2024-01-02,armed,,False,False,-0.016363745141205924,0.294064363134152
2024-01-03,armed,,False,False,-0.011432670354517314,0.2982512508574631
2024-01-04,armed,,False,False,-0.000418042378273626,0.2986507072507818
2024-01-05,armed,,False,False,0.003883773727318311,0.2991781400369979
2024-01-08,armed,,False,False,0.02000324898037728,0.2991338991798048
2024-01-09,armed,,False,False,-5.6364644266282404e-05,0.3038794974155986
2024-01-10,armed,,False,False,0.006073902310674991,0.302978128289628
2024-01-11,armed,,False,False,0.0014722935063244196,0.2978383131933522
2024-01-12,armed,,False,False,-0.0022038828302234238,0.2952716070228761
2024-01-16,armed,,False,False,0.0009603887109563729,0.29431130506085285
2024-01-17,armed,,False,False,-0.006742586246993775,0.28299094423767285
2024-01-18,armed,,False,False,0.013503290867116812,0.2868145120391836
2024-01-19,halt_new_entries,magnitude,True,False,0.023170187923633886,0.28068580839467083
2024-01-22,halt_new_entries,,False,False,0.006404977077693296,0.28539358708873586
2024-01-23,halt_new_entries,,False,False,0.0022423957589970877,0.28369306558794316
2024-01-24,armed,,False,False,0.003882960401882856,0.2681894702864541
2024-01-25,armed,,False,False,0.004657641376035552,0.2636508978595748
2024-01-26,armed,,False,False,-0.0050920781811902285,0.26124290375070197
2024-01-29,armed,,False,False,0.013235346431048825,0.26072994777793773
2024-01-30,armed,,False,False,-0.0015800460916365546,0.26572507175903637
2024-01-31,armed,,False,False,-0.015863864702533228,0.2611377314612053
2024-02-01,armed,,False,False,0.011433472019884091,0.26667787861971587
2024-02-02,armed,,False,False,0.013944003504288678,0.26305554938234943
2024-02-05,armed,,False,False,-0.0004451059121552452,0.2602209416401613
2024-02-06,armed,,False,False,0.005105442752258141,0.26297910135533714
2024-02-07,armed,,False,False,0.013047346108203,0.256289799210495
2024-02-08,armed,,False,False,0.004387242963858244,0.25598918309495033
2024-02-09,armed,,False,False,0.011637062577207286,0.24019438186089806
2024-02-12,armed,,False,False,0.00011672142661584082,0.2388800710611689
2024-02-13,armed,,False,False,-0.017130494269861695,0.22555225628239853
2024-02-14,armed,,False,False,0.02179228414541217,0.23624185730410385
2024-02-15,armed,,False,False,0.01001635305457181,0.24532406119702185
2024-02-16,armed,,False,False,-0.006297911211392834,0.24276619304931457
2024-02-20,armed,,False,False,-0.010685375989998976,0.24133514835831896
2024-02-21,armed,,False,False,-0.009521358665749415,0.24124270850714438
2024-02-22,armed,,False,False,0.032406317288595776,0.23794679194565063
2024-02-23,armed,,False,False,-0.004375091067455073,0.2508694500169396
2024-02-26,armed,,False,False,0.00938659150214559,0.247981205588797
2024-02-27,armed,,False,False,0.0021892334665100615,0.2463019357885602
2024-02-28,armed,,False,False,-0.003440777744398871,0.24713633012890807
2024-02-29,armed,,False,False,0.01116541650767965,0.24931222837421207
2024-03-01,armed,,False,False,0.021886015942410558,0.25031150767261007
2024-03-04,armed,,False,False,0.005126927076323191,0.24738008764927508
2024-03-05,armed,,False,False,-0.015255522973027274,0.24540816425883746
2024-03-06,armed,,False,False,0.011367684528907119,0.2515086512852683
2024-03-07,armed,,False,False,0.009039219582630745,0.2495859706552991
2024-03-08,armed,,False,False,-0.012196264472456654,0.24595473680713606
2024-03-11,armed,,False,False,-0.007205113833878961,0.247412209194391
2024-03-12,armed,,False,False,0.013302220132750144,0.25114389337042387
2024-03-13,armed,,False,False,-0.004615821367597528,0.24933099756022659
2024-03-14,armed,,False,False,-0.007438533049031657,0.252410313489614
2024-03-15,armed,,False,False,-0.009269153953476317,0.25299706820135426
2024-03-18,armed,,False,False,0.007821300000172676,0.25405670383479206
2024-03-19,armed,,False,False,-0.001521444104843216,0.2525285189381115
2024-03-20,armed,,False,False,0.015463632813655684,0.2438595212061532
2024-03-21,armed,,False,False,0.013003892928611295,0.24459227545594647
2024-03-22,armed,,False,False,-0.0039080078016135835,0.23969023077931212
2024-03-25,armed,,False,False,2.8933958922463897e-05,0.24003545402369314
2024-03-26,armed,,False,False,-0.0007624214743358897,0.23977451501315697
2024-03-27,armed,,False,False,0.005732412488605821,0.23801149239891958
2024-03-28,armed,,False,False,0.0004066922505567388,0.23434675896516924
2024-04-01,armed,,False,False,0.00038097012726610304,0.22703253102963997
2024-04-02,armed,,False,False,-0.009366601042032503,0.22266506414217516
2024-04-03,armed,,False,False,0.005293910379288519,0.22514266895433832
2024-04-04,armed,,False,False,-0.01779844032180441,0.22298491273601218
2024-04-05,armed,,False,False,0.011888238372932618,0.22463243350341633
2024-04-08,armed,,False,False,0.001578353088311209,0.22754840505723545
2024-04-09,armed,,False,False,0.0008807199914909146,0.22735999531005413
2024-04-10,armed,,False,False,-0.008991742246641583,0.2262163633184676
2024-04-11,armed,,False,False,0.01037485027401544,0.2303914429290555
2024-04-12,armed,,False,False,-0.022969424657810034,0.23237906312445994
2024-04-15,armed,,False,False,-0.016013436627004145,0.24293504500770427
2024-04-16,armed,,False,False,0.004135346379578532,0.245158929994782
2024-04-17,armed,,False,False,-0.009204367549143973,0.23756443155802848
2024-04-18,armed,,False,False,-0.005247761940383251,0.23785147352007674
2024-04-19,armed,,False,False,-0.018860127713840734,0.23959066608711962
2024-04-22,armed,,False,False,0.01135311149848677,0.24642462175397212
2024-04-23,armed,,False,False,0.019498480179094172,0.2510524191590553
2024-04-24,armed,,False,False,0.0027004813425230783,0.25689447379124253
2024-04-25,armed,,False,False,0.0016348715911717964,0.2520817053391704
2024-04-26,armed,,False,False,0.01580292951189239,0.2484568011786885
2024-04-29,armed,,False,False,0.003005914349980139,0.2419802065748943
2024-04-30,armed,,False,False,-0.01766691736844751,0.24108397395766348
2024-05-01,armed,,False,False,-0.00868400711937874,0.2458956764451139
2024-05-02,armed,,False,False,0.016421984195242736,0.2454075171292627
2024-05-03,armed,,False,False,0.013789347138050212,0.2532142544325701
2024-05-06,armed,,False,False,0.016632794370921255,0.2535070297363422
2024-05-07,armed,,False,False,-0.007398374010210565,0.26159441347210843
2024-05-08,armed,,False,False,0.0023587585502485224,0.2589538989195887
2024-05-09,armed,,False,False,0.0036317664842184195,0.2579152450662725
2024-05-10,armed,,False,False,0.001546107076411525,0.2506259923019783
2024-05-13,armed,,False,False,-0.0007519933079855758,0.24578182645289826
2024-05-14,armed,,False,False,0.010342397288272541,0.24766630701986272
2024-05-15,armed,,False,False,0.02185239242848801,0.24973004271594287
2024-05-16,armed,,False,False,-0.004252529854695893,0.2548351500698396
2024-05-17,armed,,False,False,0.002083197860765269,0.25570863792469656
2024-05-20,armed,,False,False,0.007552740160914179,0.24225474335417704
2024-05-21,armed,,False,False,0.0019824314623076,0.24351291190536908
2024-05-22,armed,,False,False,-0.001532358917406641,0.2435918002810443
2024-05-23,armed,,False,False,-0.00982330117416689,0.24132333385323687
2024-05-24,armed,,False,False,0.0115935152126285,0.2441080549607787
2024-05-28,armed,,False,False,0.00060376615635475,0.2421472504643654
2024-05-29,armed,,False,False,-0.008155058188679416,0.24021239716701834
2024-05-30,armed,,False,False,-0.011370736096637284,0.2435555698527957
2024-05-31,armed,,False,False,-0.0021041238405911356,0.2349578487994117
2024-06-03,armed,,False,False,3.598089430232891e-05,0.23624421509632337
2024-06-04,armed,,False,False,-0.001547629997042562,0.2359342957623637
2024-06-05,armed,,False,False,0.020734593743707015,0.23579689480740934
2024-06-06,armed,,False,False,-0.0007645910042526349,0.23982661358504884
2024-06-07,armed,,False,False,-0.003283733018985054,0.23832517069886758
2024-06-10,armed,,False,False,0.008964822349112613,0.23756342494769758
2024-06-11,armed,,False,False,-0.00034483683246090354,0.2371285755829796
2024-06-12,armed,,False,False,0.014224132541467288,0.2353391464258543
2024-06-13,armed,,False,False,0.0031454159906443247,0.23535318347632792
2024-06-14,armed,,False,False,-0.0014321996349027988,0.23378840903956097
2024-06-17,armed,,False,False,0.01249516532208614,0.2274587250634271
2024-06-18,armed,,False,False,0.00804749089958981,0.2301067891805579
2024-06-20,armed,,False,False,-0.005868415789065974,0.22917417344315053
2024-06-21,armed,,False,False,-0.0013485861155878246,0.2275636014913653
2024-06-24,armed,,False,False,-0.008200636636432918,0.22735000537876812
2024-06-25,armed,,False,False,0.007563762064248868,0.22803159043440965
2024-06-26,armed,,False,False,-0.0022383806947740077,0.22888165963859497
2024-06-27,armed,,False,False,0.0064338500674204395,0.2297493387385812
2024-06-28,armed,,False,False,0.0026768125465871915,0.2266324475112961
2024-07-01,armed,,False,False,0.0036136784121718387,0.2264256137976372
2024-07-02,armed,,False,False,0.0073523474024261215,0.22053868755699982
2024-07-03,armed,,False,False,0.006233990577617844,0.21933107109465966
2024-07-05,armed,,False,False,0.0049011303241183355,0.2202808749244105
2024-07-08,armed,,False,False,0.005979483335223573,0.21997886071421288
2024-07-09,armed,,False,False,-0.0009200072653854018,0.2171389591023757
2024-07-10,armed,,False,False,0.008322005961886394,0.21434994632345267
2024-07-11,armed,,False,False,-0.012865908845839871,0.20645443218463125
2024-07-12,armed,,False,False,0.007263022506392643,0.204455004026222
2024-07-15,armed,,False,False,0.0074989769035378115,0.20426809987216696
2024-07-16,armed,,False,False,0.00926720301280392,0.20166437199905293
2024-07-17,armed,,False,False,-0.02823034457070633,0.20032722013607918
2024-07-18,armed,,False,False,-0.010531857038459146,0.2151253839335419
2024-07-19,armed,,False,False,-0.008157866091879514,0.21502111945324046
2024-07-22,armed,,False,False,0.013042464520338975,0.2096261258503267
2024-07-23,armed,,False,False,-0.0016654360563258515,0.21177521847428704
2024-07-24,armed,,False,False,-0.03230995807423395,0.215842319777879
2024-07-25,armed,,False,False,-0.008638277076421634,0.23825759122012644
2024-07-26,armed,,False,False,0.01359406065827114,0.23917019661973726
2024-07-29,armed,,False,False,-0.004354164493841373,0.2367421024775944
2024-07-30,armed,,False,False,-0.016597805186751354,0.23817814478216107
2024-07-31,armed,,False,False,0.027981202397848615,0.24030073029860044
2024-08-01,armed,,False,False,-0.029864815873999823,0.24483187221802696
2024-08-02,armed,,False,False,-0.03900134158080761,0.24915773928961285
2024-08-05,armed,,False,False,-0.026263526621038265,0.2713833445473346
2024-08-06,armed,,False,False,0.013854330343812876,0.2788804531560685
2024-08-07,armed,,False,False,-0.014269488755972058,0.28279353918581746
2024-08-08,armed,,False,False,0.04095749499415198,0.28350765131852496
2024-08-09,armed,,False,False,0.004829054021265069,0.3025272278008652
2024-08-12,armed,,False,False,0.0016043174313481456,0.3018348481678768
2024-08-13,armed,,False,False,0.021971906316271734,0.29754495277866955
2024-08-14,armed,,False,False,0.005094582347857422,0.30487728200377745
2024-08-15,armed,,False,False,0.028821171219608314,0.3050232809128857
2024-08-16,armed,,False,False,0.0025303053992989945,0.31440584468911886
2024-08-19,armed,,False,False,0.009867503034662387,0.3151123308125283
2024-08-20,armed,,False,False,-0.002502035938780013,0.3188927767302187
2024-08-21,armed,,False,False,0.008158561621880318,0.317502851268007
2024-08-22,armed,,False,False,-0.014044117240657511,0.3189621065614571
2024-08-23,armed,,False,False,0.014311051877247067,0.32177341408351323
2024-08-26,armed,,False,False,-0.008951640201488503,0.32129180916425176
2024-08-27,armed,,False,False,0.003011518031850729,0.3251002412339592
2024-08-28,armed,,False,False,-0.0126066549128462,0.3287921614042533
2024-08-29,armed,,False,False,0.004882855637804049,0.3346488050441404
2024-08-30,armed,,False,False,0.0153329055326518,0.3356744066358238
2024-09-03,armed,,False,False,-0.035085473728126655,0.3344354946113948
2024-09-04,armed,,False,False,0.0008793124169612597,0.3499428232860877
2024-09-05,armed,,False,False,-0.005371985088269253,0.34975170762190577
2024-09-06,armed,,False,False,-0.025499489774953678,0.3502445243559086
2024-09-09,armed,,False,False,0.018512102059797354,0.3606759874822336
2024-09-10,armed,,False,False,0.005585820636466586,0.3652990404851289
2024-09-11,armed,,False,False,0.019415142305021837,0.36280037579294305
2024-09-12,armed,,False,False,0.006784410641248696,0.3708166157318807
2024-09-13,armed,,False,False,0.011293700918144679,0.3689180602500422
2024-09-16,armed,,False,False,0.0026568088452126205,0.3664032120036819
2024-09-17,armed,,False,False,0.003614846697569201,0.3691537785287558
2024-09-18,armed,,False,False,-0.003908363179532055,0.36924423349498503
2024-09-19,armed,,False,False,0.023914235522017813,0.3707698178295338
2024-09-20,armed,,False,False,0.0018450191972666117,0.37842499357981546
2024-09-23,armed,,False,False,0.004923023912527277,0.3780727123697858
2024-09-24,armed,,False,False,0.0031746121762163916,0.380217974852967
2024-09-25,armed,,False,False,-0.0010602904564790165,0.3795701217942109
2024-09-26,armed,,False,False,0.011586742271872539,0.38079137439159194
2024-09-27,armed,,False,False,-0.0032887757046215073,0.3760959621450306
2024-09-30,armed,,False,False,0.00027228805966852726,0.37484242108955196
2024-10-01,armed,,False,False,-0.01421752237215845,0.37652490149859
2024-10-02,armed,,False,False,0.007639236423195042,0.38149448998373137
2024-10-03,armed,,False,False,0.0006356321316736991,0.3824722251366678
2024-10-04,armed,,False,False,0.014884707961764419,0.38352706938660575
2024-10-07,armed,,False,False,-0.006235088401269445,0.3884240697833356
2024-10-08,armed,,False,False,0.011067149790483184,0.38881150586080093
2024-10-09,armed,,False,False,0.009399167400133525,0.38937052355123575
2024-10-10,armed,,False,False,-0.0014156912447220997,0.39206454470978025
2024-10-11,armed,,False,False,0.012230131638335744,0.38817569938347746
2024-10-14,armed,,False,False,0.008083609655994688,0.385983013592469
2024-10-15,armed,,False,False,-0.017287505233104798,0.3852777326486858
2024-10-16,armed,,False,False,0.006508827348984126,0.3843059622053936
2024-10-17,armed,,False,False,-0.0006818999659389872,0.38489297030830466
2024-10-18,armed,,False,False,0.0020475251605737545,0.3706789561629262
2024-10-21,armed,,False,False,-0.0007424484109797929,0.3765710138197131
2024-10-22,armed,,False,False,-0.0023177182239497345,0.37601494727532997
2024-10-23,armed,,False,False,-0.00932889532179328,0.37385683251846474
2024-10-24,armed,,False,False,0.006132863218308773,0.3776885929507916
2024-10-25,armed,,False,False,0.0009319330857841895,0.37029976189912
2024-10-28,armed,,False,False,0.002705406542192764,0.35951181260766835
2024-10-29,armed,,False,False,0.009585909031942414,0.33504648596495307
2024-10-30,armed,,False,False,-0.012371351831574666,0.31432007491395125
2024-10-31,armed,,False,False,-0.025461057612123077,0.3121582432618683
2024-11-01,armed,,False,False,0.006031324423028325,0.31637287496130917
2024-11-04,armed,,False,False,-0.0047145524812605925,0.2897121007931513
2024-11-05,armed,,False,False,0.018714551637635825,0.2903672792673134
2024-11-06,armed,,False,False,0.039687575846856865,0.29218873802247725
2024-11-07,halt_new_entries,magnitude,True,False,0.017962624263491697,0.30791271337266646
2024-11-08,halt_new_entries,,False,False,0.007297366319287391,0.30531964067762407
2024-11-11,halt_new_entries,,False,False,0.0005046242840396432,0.2915177570776985
2024-11-12,armed,,False,False,-0.008023473058822844,0.2864910703606976
2024-11-13,armed,,False,False,-0.006074546008259974,0.28481032227168135
2024-11-14,armed,,False,False,-0.008949847820695103,0.2840161692092788
2024-11-15,armed,,False,False,-0.011118116596482347,0.2845819858889783
2024-11-18,armed,,False,False,0.008810244834298335,0.2833456811313015
2024-11-19,armed,,False,False,0.012311825261269883,0.28241585578826045
2024-11-20,armed,,False,False,-0.0017812805627846783,0.27829716258134146
2024-11-21,armed,,False,False,0.013696095847192455,0.27773712236478615
2024-11-22,armed,,False,False,0.011467523223292812,0.27249274505072985
2024-11-25,armed,,False,False,0.004532073510663658,0.2712706867402619
2024-11-26,armed,,False,False,0.0008808842772227394,0.266757097879726
2024-11-27,armed,,False,False,-0.009000932838516187,0.24134592547340053
2024-11-29,armed,,False,False,0.006314007101048515,0.24380824269807888
2024-12-02,armed,,False,False,0.010912493074945588,0.24370555959475645
2024-12-03,armed,,False,False,0.001742384606430513,0.23024537075009952
2024-12-04,armed,,False,False,0.015621735843409798,0.22705056832199869
2024-12-05,armed,,False,False,-0.007311780181729769,0.22849960315573148
2024-12-06,armed,,False,False,0.009956150816902593,0.22562952194226402
2024-12-09,armed,,False,False,-0.014424430686197382,0.22624371083683315
2024-12-10,armed,,False,False,-0.011075537479249399,0.2295604717489079
2024-12-11,armed,,False,False,0.012905871497079594,0.23040874985382892
2024-12-12,armed,,False,False,-0.0050825121805237435,0.23229147583951787
2024-12-13,armed,,False,False,0.004321826442750479,0.22806338103941623
2024-12-16,armed,,False,False,0.008404806455025832,0.21293078876790625
2024-12-17,armed,,False,False,-0.008695943668311718,0.21482388272348973
2024-12-18,armed,,False,False,-0.0360106573929202,0.21676714582593884
2024-12-19,armed,,False,False,-0.0030220582917221345,0.24122813810453178
2024-12-20,armed,,False,False,0.014198551419990815,0.2383341549842572
2024-12-23,armed,,False,False,0.007643268240646597,0.24199404783149414
2024-12-24,armed,,False,False,0.011904665730050916,0.2413396254646894
2024-12-26,armed,,False,False,-0.00036608663877513007,0.24380752395317704
2024-12-27,armed,,False,False,-0.013084025984586994,0.24127310336109134
2024-12-30,armed,,False,False,-0.01338877134441585,0.24551069997036087
2024-12-31,armed,,False,False,-0.005216608297722387,0.2499080118632037
2025-01-02,armed,,False,False,0.004316141807045878,0.24809623560825983
2025-01-03,armed,,False,False,0.020083221844573135,0.24567298936902557
2025-01-06,armed,,False,False,0.012064292827490417,0.248980179199729
2025-01-07,armed,,False,False,-0.012518320446794885,0.24746321553436645
2025-01-08,armed,,False,False,-0.0033678153678025026,0.24915252305806282
2025-01-10,armed,,False,False,-0.015362093661599817,0.24876028491101804
2025-01-13,armed,,False,False,-0.003511024671795788,0.2522466796408843
2025-01-14,armed,,False,False,0.007023959290973961,0.25077155495955955
2025-01-15,armed,,False,False,0.02288520378823006,0.25262329803370415
2025-01-16,armed,,False,False,0.0010962496485443138,0.2608132738185
2025-01-17,armed,,False,False,0.01536242004437677,0.26048093608881423
2025-01-21,armed,,False,False,0.014524001496174672,0.26330173755859976
2025-01-22,armed,,False,False,0.015599494019332793,0.2642349687915603
2025-01-23,armed,,False,False,0.005739743547551332,0.26334898032201953
2025-01-24,armed,,False,False,-0.007865508926290584,0.26687076180937175
2025-01-27,armed,,False,False,-0.040549924846015536,0.26734020724157015
2025-01-28,armed,,False,False,0.010047273802503351,0.2690934451956621
2025-01-29,armed,,False,False,0.00037720356612931774,0.26660966410073944
2025-01-30,armed,,False,False,0.01641893724397398,0.2677515584025126
2025-01-31,armed,,False,False,-0.0027506177814710067,0.25623160532254124
2025-02-03,armed,,False,False,-0.007962125772439923,0.2570063153491792
2025-02-04,armed,,False,False,0.012292016133779405,0.2575697786243425
2025-02-05,armed,,False,False,0.008945205367405116,0.25535539383160283
2025-02-06,armed,,False,False,0.0083789070874037,0.23522064814218627
2025-02-07,armed,,False,False,-0.004942282380478525,0.237294007170408
2025-02-10,armed,,False,False,0.013506671761988642,0.23879047873390813
2025-02-11,armed,,False,False,-0.006451247217801908,0.24236939938442842
2025-02-12,armed,,False,False,-0.0001642398167534186,0.2424182549284532
2025-02-13,armed,,False,False,0.014553649294903872,0.24169675286144568
2025-02-14,armed,,False,False,0.001537352370156267,0.23986820659341937
2025-02-18,armed,,False,False,0.015200698528585133,0.2382416180482448
2025-02-19,armed,,False,False,-0.0007972441444494693,0.23680429295760402
2025-02-20,armed,,False,False,-0.010182570445486604,0.2359032676610834
2025-02-21,armed,,False,False,-0.027530949361476972,0.23790429375086605
2025-02-24,armed,,False,False,-0.0154231150619079,0.2501221306106521
2025-02-25,armed,,False,False,-0.014408420553148466,0.25282921061936325
2025-02-26,armed,,False,False,0.009756895035821816,0.25520435833840566
2025-02-27,armed,,False,False,-0.02524389420643336,0.25564924597389177
2025-02-28,armed,,False,False,0.015668713260989106,0.26178260971882894
2025-03-03,armed,,False,False,-0.026053426639150737,0.26432033817499856
2025-03-04,armed,,False,False,-0.009356208216142694,0.273231013722838
2025-03-05,armed,,False,False,0.01271318101912476,0.27286518629345463
2025-03-06,armed,,False,False,-0.03604982385203635,0.27408165512394217
2025-03-07,armed,,False,False,0.008091156439366075,0.2887169692511538
2025-03-10,armed,,False,False,-0.041524588825044596,0.2846383221132934
2025-03-11,armed,,False,False,0.0023650150172181555,0.30498147526886776
2025-03-12,armed,,False,False,0.015221366578235045,0.30124533255598984
2025-03-13,armed,,False,False,-0.01960374873044517,0.3025850880419269
2025-03-14,armed,,False,False,0.031209492074715576,0.3073771595483004
2025-03-17,armed,,False,False,0.015963957380944624,0.3224702321879107
2025-03-18,armed,,False,False,-0.015542833846989084,0.3253847056559588
2025-03-19,armed,,False,False,0.01815504753287852,0.32674640191637505
2025-03-20,armed,,False,False,-0.0030945407981530695,0.31579395584289494
2025-03-21,armed,,False,False,0.000314867727242912,0.31955548882500134
2025-03-24,armed,,False,False,0.02792278844661612,0.3166529052410071
2025-03-25,armed,,False,False,-0.0004054721683848328,0.3265476453859885
2025-03-26,armed,,False,False,-0.022368831679371468,0.323663542005524
2025-03-27,armed,,False,False,-0.013673095094727862,0.3271914963135029
2025-03-28,armed,,False,False,-0.02446442645012714,0.3252868634803014
2025-03-31,armed,,False,False,0.000852242320357166,0.3307051507613284
2025-04-01,armed,,False,False,0.0054411637282484535,0.32995551191350136
2025-04-02,armed,,False,False,0.012123683138900939,0.3294925091613829
2025-04-03,halt_new_entries,magnitude,True,False,-0.0744266115691103,0.3277673040206708
2025-04-04,halt_new_entries,magnitude,True,False,-0.07325334516371043,0.3812157232750031
2025-04-07,halt_new_entries,,False,False,0.014395245349666833,0.4236641559173047
2025-04-08,halt_new_entries,,False,False,-0.016627174509189425,0.4214355227589876
2025-04-09,halt_new_entries,magnitude,True,False,0.12217089806479153,0.42157837013503446
2025-04-10,halt_new_entries,,False,False,-0.047771938582264986,0.5182329427977748
2025-04-11,halt_new_entries,,False,False,0.012863139757827729,0.5266654850698866
2025-04-14,armed,,False,False,0.00948196715704522,0.52447156366964
2025-04-15,armed,,False,False,0.004217714545445778,0.5261965946614306
2025-04-16,armed,,False,False,-0.02319629987057277,0.5253916180531137
2025-04-17,armed,,False,False,0.0028013251300469553,0.527709971455803
2025-04-21,armed,,False,False,-0.02615106143745463,0.5262663751025013
2025-04-22,armed,,False,False,0.027656870761429437,0.5297350244329369
2025-04-23,armed,,False,False,0.029867398174452796,0.5356307202445029
2025-04-24,armed,,False,False,0.03856010004374895,0.5603559187385251
2025-04-25,armed,,False,False,0.011033594410197698,0.5636403469333697
2025-04-28,armed,,False,False,0.0015691896792030817,0.5640978486002102
2025-04-29,armed,,False,False,0.003399635185792754,0.5713590700537563
2025-04-30,armed,,False,False,0.0015734394092941455,0.5732967961726834
2025-05-01,armed,,False,False,0.005808604615425758,0.5721245321425752
2025-05-02,armed,,False,False,0.024524592306853495,0.5678372451452602
2025-05-05,armed,,False,False,-0.004719995749236149,0.5751091369079386
2025-05-06,armed,,False,False,-0.007535772104424237,0.5771290253508934
2025-05-07,armed,,False,False,0.004823835843337735,0.5791224342769723
2025-05-08,armed,,False,False,0.010322780373848468,0.576824312164132
2025-05-09,armed,,False,False,-0.0004313721693151917,0.5768391719158381
2025-05-12,armed,,False,False,0.04430867688165229,0.5786408681553397
2025-05-13,armed,,False,False,0.021199600731842426,0.5847502581701631
2025-05-14,armed,,False,False,0.004366814098155413,0.5846753500242879
2025-05-15,armed,,False,False,-0.0012506362448473792,0.5865364715722683
2025-05-16,armed,,False,False,0.007730420455797185,0.5872753704851332
2025-05-19,armed,,False,False,0.0006694457691805307,0.588963346136692
2025-05-20,armed,,False,False,-0.00347633915983914,0.5878171033867792
2025-05-21,armed,,False,False,-0.01664828521521513,0.5899645013061565
2025-05-22,armed,,False,False,2.883776923422972e-05,0.592202509874055
2025-05-23,armed,,False,False,-0.005093711310451546,0.5972453317923294
2025-05-27,armed,,False,False,0.025115039220834693,0.5972451670673056
2025-05-28,armed,,False,False,-0.0033284350897689516,0.5993871129735979
2025-05-29,halt_new_entries,structural,False,True,-0.0019721045756603984,0.6002918814057682
2025-05-30,halt_new_entries,structural,False,True,-0.0029151175600497774,0.6031470857333382
2025-06-02,halt_new_entries,structural,False,True,0.007861349955305534,0.6026448023616313
2025-06-03,halt_new_entries,structural,False,True,0.01269505572776931,0.6030647953148159
2025-06-04,halt_new_entries,structural,False,True,0.003710326261585295,0.6083071922475692
2025-06-05,halt_new_entries,structural,False,True,-0.007143987544961653,0.60621361886714
2025-06-06,halt_new_entries,structural,False,True,0.013259008190074913,0.6101485636016207
2025-06-09,halt_new_entries,structural,False,True,0.005943542652998675,0.6122231201446553
2025-06-10,halt_new_entries,structural,False,True,0.0042562372652836565,0.6160324908231458
2025-06-11,halt_new_entries,structural,False,True,-0.0011827610202310948,0.611214172798476
2025-06-12,halt_new_entries,structural,False,True,0.003898647983867004,0.6106512237138364
2025-06-13,halt_new_entries,structural,False,True,-0.015685852795428955,0.6068071311307851
2025-06-16,halt_new_entries,structural,False,True,0.0195567225493729,0.6051028497019622
2025-06-17,halt_new_entries,structural,False,True,-0.006867272218397069,0.6070576637333571
2025-06-18,halt_new_entries,structural,False,True,0.0048336785760609065,0.6077998145520644
2025-06-20,halt_new_entries,structural,False,True,-0.004375039313544501,0.6027589264628475
2025-06-23,halt_new_entries,structural,False,True,0.009694170165577738,0.6018209458701663
2025-06-24,halt_new_entries,structural,False,True,0.021175178101154216,0.60169870635761
2025-06-25,halt_new_entries,structural,False,True,0.0030532488062462062,0.6027567733943142
2025-06-26,halt_new_entries,,False,False,0.013230697035168566,0.5989442202513934
2025-06-27,halt_new_entries,structural,False,True,-0.0012712141743559835,0.6007589079009527
2025-06-30,halt_new_entries,,False,False,0.008654681409969868,0.5999815216959624
2025-07-01,halt_new_entries,,False,False,-0.0066417343686788815,0.5991718786822445
2025-07-02,armed,,False,False,0.007722719163867751,0.5864891669152104
2025-07-03,armed,,False,False,0.01075120822688349,0.5349097634915346
2025-07-07,armed,,False,False,-0.009121731700362533,0.5379323434873661
2025-07-08,armed,,False,False,0.0018569058783904305,0.5376379132190984
2025-07-09,armed,,False,False,0.004307063146805783,0.3890575340167977
2025-07-10,armed,,False,False,0.001382593355137917,0.3454695352737821
2025-07-11,armed,,False,False,-0.004131573166093873,0.3470397193314148
2025-07-14,armed,,False,False,0.0029831913998384697,0.3493063109255652
2025-07-15,armed,,False,False,-0.0008683428484137101,0.34856861307401854
2025-07-16,armed,,False,False,0.0021584806682989877,0.3326414076348627
2025-07-17,armed,,False,False,0.0069378955000061575,0.33417082454403957
2025-07-18,armed,,False,False,0.0025015756766766863,0.31524235158933506
2025-07-21,armed,,False,False,0.000964128267595985,0.3037511452144781
2025-07-22,armed,,False,False,-0.007214716473031222,0.29198347145598186
2025-07-23,armed,,False,False,0.010393617949398986,0.2733510553244562
2025-07-24,armed,,False,False,0.00024399984143070577,0.2678456716989211
2025-07-25,armed,,False,False,0.004573232983959586,0.26444720212333617
2025-07-28,armed,,False,False,0.007356134547943702,0.2638255617507269
2025-07-29,armed,,False,False,-0.0027167744834829606,0.26635942785315925
2025-07-30,armed,,False,False,0.004490707077568588,0.2704248173574587
2025-07-31,armed,,False,False,-0.009656961936678886,0.25721263551117834
2025-08-01,armed,,False,False,-0.018191876059819954,0.2495326234028323
2025-08-04,armed,,False,False,0.0161625898385326,0.25311668953163485
2025-08-05,armed,,False,False,-0.0068910777829944425,0.258233753768098
2025-08-06,armed,,False,False,0.0059552885901104245,0.26000141281667877
2025-08-07,armed,,False,False,0.0007367959359621097,0.25608960989072244
2025-08-08,armed,,False,False,0.009271499409588354,0.21083445054274225
2025-08-11,armed,,False,False,-0.0026497633678541797,0.20234505121995916
2025-08-12,armed,,False,False,0.01841753737762089,0.20342990723640542
2025-08-13,armed,,False,False,0.00010330676993788164,0.21050402937211085
2025-08-14,armed,,False,False,-0.004146828976108768,0.20898303742609936
2025-08-15,armed,,False,False,-0.004590318160733619,0.20646594203417196
2025-08-18,armed,,False,False,0.0041030924810567405,0.20144862124529453
2025-08-19,armed,,False,False,-0.011067008357148526,0.19492759123933326
2025-08-20,armed,,False,False,-0.003511891406878029,0.19842872247615298
2025-08-21,armed,,False,False,-0.002515744274960324,0.19779204728179745
2025-08-22,armed,,False,False,0.017665965789189015,0.1865980261965073
2025-08-25,armed,,False,False,-0.0018749502590310386,0.1903272804937225
2025-08-26,armed,,False,False,0.00704134794105454,0.19079362660172564
2025-08-27,armed,,False,False,0.0037503947361775033,0.1901909209643985
2025-08-28,armed,,False,False,0.011538212962012523,0.19044598448872482
2025-08-29,armed,,False,False,-0.014251387568051686,0.1903550581356102
2025-09-02,armed,,False,False,-0.006830725643175722,0.19465757624197194
2025-09-03,armed,,False,False,0.00471022557321424,0.19868804763256645
2025-09-04,armed,,False,False,0.01717470753459565,0.1952837878801879
2025-09-05,armed,,False,False,0.002504763636977237,0.19483321184383623
2025-09-08,armed,,False,False,0.008776125178849485,0.190876613208044
2025-09-09,armed,,False,False,0.009581172787729105,0.19026960092670916
2025-09-10,halt_new_entries,magnitude,True,False,0.012549864332971727,0.19051294712221162
2025-09-11,halt_new_entries,,False,False,0.009032453963204342,0.1807726788101903
2025-09-12,halt_new_entries,,False,False,-0.002238097927432586,0.17460426740835672
2025-09-15,armed,,False,False,0.01226332855175173,0.17379870195169625
2025-09-16,armed,,False,False,0.0017452050959544814,0.17849996281034977
2025-09-17,armed,,False,False,0.003217074213187252,0.17881889153654498
2025-09-18,armed,,False,False,0.017787571784382516,0.17698555802508087
2025-09-19,armed,,False,False,0.0052363907573130496,0.17582883953751252
2025-09-22,armed,,False,False,0.007397655632796301,0.17622083423880344
2025-09-23,armed,,False,False,-0.004542843729690678,0.17301137788412976
2025-09-24,armed,,False,False,-0.0045238461417404585,0.17442455457787398
2025-09-25,armed,,False,False,-0.005270990103433939,0.17496422434931155
2025-09-26,armed,,False,False,0.005759241343685207,0.1714156591846145
2025-09-29,armed,,False,False,0.009753097755527964,0.1714398906912027
2025-09-30,armed,,False,False,0.006436034204072062,0.16963239666272537
2025-10-01,armed,,False,False,0.014358815870674895,0.16692800057170504
2025-10-02,armed,,False,False,0.003087038986272973,0.1665480945252419
2025-10-03,armed,,False,False,-0.002302853692785907,0.16605418011164536
2025-10-06,armed,,False,False,0.007927391651799308,0.1674826576996922
2025-10-07,armed,,False,False,-0.007321141101995742,0.16566966665764618
2025-10-08,armed,,False,False,0.0169833049837147,0.16817406777776414
2025-10-09,armed,,False,False,-0.0030123270714363594,0.16923294123368357
2025-10-10,armed,,False,False,-0.03559221279121021,0.16960304166757872
2025-10-13,armed,,False,False,0.02522889933159588,0.1912460196342317
2025-10-14,armed,,False,False,-0.007242248155210841,0.19972109975092814
2025-10-15,armed,,False,False,0.012382644406668255,0.1992822669070585
2025-10-16,armed,,False,False,-0.0032502770627607534,0.1975619777994103
2025-10-17,armed,,False,False,0.0009103469285392629,0.20025513982769028
2025-10-20,armed,,False,False,0.01176925682367849,0.2021141888638757
2025-10-21,armed,,False,False,-0.00018633981031023427,0.20422813682695853
2025-10-22,armed,,False,False,-0.012743578736646412,0.20273034640310986
2025-10-23,armed,,False,False,0.016990044007356882,0.2065738004006794
2025-10-24,armed,,False,False,0.014780148605853307,0.21114031116065726
2025-10-27,armed,,False,False,0.016178702098347916,0.2143339492159297
2025-10-28,armed,,False,False,-0.0017255576527131478,0.20951251418078345
2025-10-29,armed,,False,False,0.01111100662069253,0.20757122441549852
2025-10-30,armed,,False,False,-0.010012627289701377,0.20478319474988813
2025-10-31,armed,,False,False,0.006196890030984064,0.20654818869187389
2025-11-03,armed,,False,False,0.0012715359738793423,0.2056662467500777
2025-11-04,armed,,False,False,-0.023830889333054696,0.2054266183501205
2025-11-05,armed,,False,False,0.016147935633720658,0.21551984204886024
2025-11-06,armed,,False,False,-0.007237306724511197,0.20904291461316374
2025-11-07,armed,,False,False,0.0007756090441623013,0.2074154795404873
2025-11-10,armed,,False,False,0.021425065683047074,0.20829661775928912
2025-11-11,armed,,False,False,-0.006580121968710017,0.215528483392033
2025-11-12,armed,,False,False,0.0030903987363103164,0.2174981912631348
2025-11-13,armed,,False,False,-0.02950804364984741,0.2132486817701012
2025-11-14,armed,,False,False,0.0005207133851967945,0.2240354108643304
2025-11-17,armed,,False,False,-0.012769284901563996,0.22336848028194792
2025-11-18,armed,,False,False,-0.012852712709621128,0.22379401037141966
2025-11-19,armed,,False,False,0.007478508822323402,0.22466368238257264
2025-11-20,armed,,False,False,-0.035254845824680976,0.22361541158727008
2025-11-21,armed,,False,False,0.011226190796115044,0.23937572311602748
2025-11-24,armed,,False,False,0.028629504637930344,0.23918168113958543
2025-11-25,armed,,False,False,0.006784565455603831,0.24415334188052945
2025-11-26,armed,,False,False,0.013713242346781602,0.2425298732678583
2025-11-28,armed,,False,False,0.013960464548828414,0.24383518345468597
2025-12-01,armed,,False,False,-0.007311720488600308,0.24810910506899053
2025-12-02,armed,,False,False,0.008973285978558046,0.25057483596938557
2025-12-03,armed,,False,False,0.008787051873108803,0.2511925054351923
2025-12-04,armed,,False,False,0.005167086475452168,0.2506261091975729
2025-12-05,armed,,False,False,0.008141004808457517,0.25276080386888405
2025-12-08,armed,,False,False,1.26417887369105e-05,0.2529474929050814
2025-12-09,armed,,False,False,-0.0003874443295381565,0.25270619185343735
2025-12-10,armed,,False,False,0.012394580354237923,0.25021841641972453
2025-12-11,armed,,False,False,0.0019907096954765004,0.248518055978077
2025-12-12,armed,,False,False,-0.024251836694292882,0.24576415137411065
2025-12-15,armed,,False,False,-0.005383818280417163,0.2485174237194288
2025-12-16,armed,,False,False,-0.002823555781812674,0.24704766584925744
2025-12-17,armed,,False,False,-0.01892362764346231,0.24904022728556238
2025-12-18,armed,,False,False,0.013286604774897338,0.254707705603992
2025-12-19,armed,,False,False,0.019000192345975532,0.2568712741210301
2025-12-22,armed,,False,False,0.007734806570386669,0.2612402898888816
2025-12-23,armed,,False,False,0.0017899731775239225,0.2618251616044875
2025-12-24,armed,,False,False,0.0036095533488242444,0.2639624784477492
2025-12-26,armed,,False,False,-0.0006686467284553614,0.26593501779524303
2025-12-29,armed,,False,False,-0.005526698509702159,0.2695598943493463
2025-12-30,armed,,False,False,-0.002999966365945941,0.2712777463536802
2025-12-31,armed,,False,False,-0.010079512043155991,0.27225427057287305
2026-01-02,armed,,False,False,0.014956437162694887,0.2775560387308943
2026-01-05,armed,,False,False,0.007059260742692963,0.2742384345436207
2026-01-06,armed,,False,False,0.021193926711842684,0.27306305892867533
2026-01-07,armed,,False,False,-0.006622512348577367,0.2710235550607525
2026-01-08,armed,,False,False,-0.013438011901995102,0.25282396384939165
2026-01-09,armed,,False,False,0.012334338455248435,0.2498181143436719
2026-01-12,armed,,False,False,0.0059076528595065755,0.24907865067789414
2026-01-13,armed,,False,False,0.001111822121773119,0.24743083532337773
2026-01-14,armed,,False,False,-0.00986039922656926,0.24631440887970893
2026-01-15,armed,,False,False,0.004284444128666205,0.24722945453696252
2026-01-16,armed,,False,False,0.0012943827048441717,0.24340911364191342
2026-01-20,armed,,False,False,-0.01399968357649108,0.2426490188501271
2026-01-21,armed,,False,False,0.01544689317700615,0.24506443334994163
2026-01-22,armed,,False,False,0.005974706966558285,0.24329800654891276
2026-01-23,armed,,False,False,-0.006229491803757842,0.24125799600546408
2026-01-26,armed,,False,False,0.00566530015120125,0.23774811587622083
2026-01-27,armed,,False,False,0.009663616475329954,0.23889316209604503
2026-01-28,armed,,False,False,0.009830091320705012,0.24072406466515114
2026-01-29,armed,,False,False,-0.0025031555200430516,0.23547089122457335
2026-01-30,armed,,False,False,-0.014567348716727165,0.2337100149052757
2026-02-02,armed,,False,False,0.016115227958932898,0.23478682250679944
2026-02-03,armed,,False,False,-0.00879424670874386,0.22835533225003593
2026-02-04,armed,,False,False,-0.020948769232054073,0.23006596513283775
2026-02-05,armed,,False,False,-0.018500683828205914,0.23480046187895945
2026-02-06,armed,,False,False,0.03891937382045977,0.23648785070061204
2026-02-09,armed,,False,False,0.011339244364370983,0.23878210962406454
2026-02-10,armed,,False,False,-0.0063894447935979645,0.2385299917012664
2026-02-11,armed,,False,False,0.002686286604191839,0.23794295472264432
2026-02-12,armed,,False,False,-0.018836431462223125,0.22613092408478572
2026-02-13,armed,,False,False,0.00973094342714089,0.2295640235542202
2026-02-17,armed,,False,False,-0.0029940407584450814,0.22713071707659277
2026-02-18,armed,,False,False,0.006643762427892408,0.22476914495516667
2026-02-19,armed,,False,False,-0.0015338282966848174,0.2240864667041017
2026-02-20,armed,,False,False,0.007127775525496447,0.21107956750120097
2026-02-23,armed,,False,False,-0.020533524965015464,0.21014905036545434
2026-02-24,armed,,False,False,0.009540171646493895,0.2112092434117073
2026-02-25,armed,,False,False,0.022025731453321387,0.2104263508686111
2026-02-26,armed,,False,False,-0.004286967303639087,0.21481619044960779
2026-02-27,armed,,False,False,0.0009766141763552557,0.21276065322583834
2026-03-02,armed,,False,False,0.0037003342673560297,0.2081620800556686
2026-03-03,armed,,False,False,-0.018509594178792405,0.20569506057991405
2026-03-04,armed,,False,False,0.018682697334729194,0.20858074860500406
2026-03-05,armed,,False,False,-0.006569883985743478,0.21089979436998355
2026-03-06,armed,,False,False,-0.01720291449010331,0.2103849838187874
2026-03-09,armed,,False,False,0.018240958567133186,0.2101447117321478
2026-03-10,armed,,False,False,0.0006209198334899732,0.2118871222759365
2026-03-11,armed,,False,False,0.001269383415462689,0.21256725896958834
2026-03-12,armed,,False,False,-0.019956892843831942,0.21353212411955766
2026-03-13,armed,,False,False,-0.001191407338207092,0.2146980894555379
2026-03-16,armed,,False,False,0.015936935009738678,0.21556396738160935
2026-03-17,armed,,False,False,0.006640364212993092,0.21770120534820103
2026-03-18,armed,,False,False,-0.009931408482871936,0.2135410468659735
2026-03-19,armed,,False,False,0.0072136150974117085,0.21181942691709213
2026-03-20,armed,,False,False,-0.024873179067027226,0.20824282141506356
2026-03-23,armed,,False,False,0.014875152033915089,0.20998975383643725
2026-03-24,armed,,False,False,-0.00022273231109819195,0.2112585105492058
2026-03-25,armed,,False,False,0.006537130806957995,0.210434614391296
2026-03-26,armed,,False,False,-0.031019612094838868,0.20961797676829663
2026-03-27,armed,,False,False,-0.017192214026271843,0.21667475467186217
2026-03-30,armed,,False,False,-0.015163263545864674,0.22091817460023563
2026-03-31,armed,,False,False,0.04138283128922664,0.22119102900612414
2026-04-01,armed,,False,False,0.016416158196000764,0.23661198610046888
2026-04-02,armed,,False,False,0.004952430865263024,0.24051954963260216
2026-04-06,armed,,False,False,0.00570789345444812,0.24066228624356112
2026-04-07,armed,,False,False,0.0062266567538666615,0.24198001465834856
2026-04-08,armed,,False,False,0.034041257144786306,0.242690641389539
2026-04-09,armed,,False,False,0.001378227373329044,0.25662331665888255
2026-04-10,armed,,False,False,-0.0012417132073958427,0.25684659812654737
2026-04-13,armed,,False,False,0.01950640251766403,0.25680679730621736
2026-04-14,armed,,False,False,0.010763521016439234,0.25951883299268225
2026-04-15,armed,,False,False,0.008982911537344616,0.26021593355645534
2026-04-16,armed,,False,False,0.010250730824880021,0.2603862576126323
2026-04-17,armed,,False,False,0.014842897492670698,0.25670153836474807
2026-04-20,armed,,False,False,0.0024546363946912697,0.2590818837295707
2026-04-21,armed,,False,False,-0.002486192425458138,0.25977710119710956
2026-04-22,armed,,False,False,0.014749667792185454,0.26023701568406427
2026-04-23,armed,,False,False,-0.008682993636005804,0.2585845058925868
2026-04-24,armed,,False,False,0.016045138988904424,0.26071797137474984
2026-04-27,armed,,False,False,-0.004417334856021184,0.2613633944078463
2026-04-28,armed,,False,False,-0.01409021423159807,0.2652479300386064
2026-04-29,armed,,False,False,0.0028642266990076518,0.2664026777794808
2026-04-30,armed,,False,False,0.021091269983050786,0.2613783548523468
2026-05-01,armed,,False,False,0.007471857872085584,0.25865543325289114
2026-05-04,armed,,False,False,0.0019485397336341003,0.25873193209793327
2026-05-05,armed,,False,False,0.013955088642060331,0.25650709602027344
2026-05-06,armed,,False,False,0.01811941871171664,0.2542085020212971
2026-05-07,armed,,False,False,-0.004227494740654295,0.2548739447799588
2026-05-08,armed,,False,False,0.016498210052312945,0.2563416594283744
2026-05-11,armed,,False,False,0.011757213134390947,0.2561040970049383
2026-05-12,armed,,False,False,-0.008859993734694609,0.2519069069890382
2026-05-13,armed,,False,False,0.0037554898936818554,0.2527923302081039
2026-05-14,armed,,False,False,0.008786717709624348,0.25282927085348206
2026-05-15,armed,,False,False,-0.012980890447735089,0.2511592826562986
2026-05-18,armed,,False,False,-0.006763661744542904,0.2549240670709186
2026-05-19,armed,,False,False,-0.004975200594347786,0.25723767123915176
2026-05-20,armed,,False,False,0.015609467280604361,0.2536588227664084
2026-05-21,armed,,False,False,0.009980583523080443,0.2547949242965013
2026-05-22,armed,,False,False,0.010268871511099915,0.2504645410625576
2026-05-26,armed,,False,False,0.013977168515805409,0.24799712312711367
2026-05-27,armed,,False,False,-0.0018698728714733,0.24999616768831845
2026-05-28,armed,,False,False,0.01135127458544361,0.2499714235480127
2026-05-29,armed,,False,False,0.019151812757370438,0.24465199417387645
2026-06-01,armed,,False,False,0.011955763904832535,0.24506977453246698
2026-06-02,armed,,False,False,0.01301405904896723,0.24163155572482287
2026-06-03,armed,,False,False,-0.00859530212492838,0.23778506771125657
2026-06-04,armed,,False,False,-0.00024143860948686887,0.2377654701097868
2026-06-05,armed,,False,False,-0.04462925827673478,0.23376601045162101
2026-06-08,armed,,False,False,0.014914427589741179,0.24392872362905807
2026-06-09,armed,,False,False,-0.014643593502145417,0.23763293265045987
2026-06-10,armed,,False,False,-0.02005892206861485,0.2378903205006097
2026-06-11,armed,,False,False,0.0297129718734612,0.24051604951496924
2026-06-12,armed,,False,False,0.010222898039771708,0.2456753184485722
2026-06-15,armed,,False,False,0.026730594543807093,0.2448671944957453
2026-06-16,armed,,False,False,-0.014769610897583177,0.24847222971356583
2026-06-17,armed,,False,False,-0.007193177080748784,0.24466639341421198
2026-06-18,armed,,False,False,0.014048069926896434,0.2437870264382332
2026-06-22,armed,,False,False,0.00780867548647776,0.24427925985137114
2026-06-23,armed,,False,False,-0.025361061846248346,0.2421708192539667
2026-06-24,armed,,False,False,-0.001047732277063987,0.24100661348747937
2026-06-25,armed,,False,False,0.009247523083891696,0.23663747404112598
2026-06-26,armed,,False,False,-0.007023736224986002,0.23118526642384213
2026-06-29,armed,,False,False,0.02114838569309013,0.2294591062439397
2026-06-30,armed,,False,False,0.011731725947964861,0.22721719931824197
2026-07-01,armed,,False,False,-0.010154635396984716,0.22695648905407645
2026-07-02,armed,,False,False,-0.017090872275392494,0.22832014329847766
2026-07-06,armed,,False,False,0.013461872840582737,0.2351492906278656
2026-07-07,armed,,False,False,-0.016764926342549457,0.23311767513732887
2026-07-08,armed,,False,False,0.0011276432213100484,0.23712625662159625
2026-07-09,armed,,False,False,0.016546321279282857,0.2379196224933554
2026-07-10,armed,,False,False,-0.0016275993812896654,0.23825064911597707
2026-07-13,armed,,False,False,-0.01542096669543894,0.23803275957121628
2026-07-14,armed,,False,False,0.006665450770806952,0.24160138592357272
2026-07-15,armed,,False,False,-0.009994310934634302,0.24080039364168201
2026-07-16,armed,,False,False,-0.01919465182185556,0.24124645720956028
2026-07-17,armed,,False,False,-0.00931864237023176,0.25020617395245315
2026-07-20,armed,,False,False,9.787133515324786e-05,0.24957771050958918
2026-07-21,armed,,False,False,0.025784181895073133,0.25021079311198735
2026-07-22,armed,,False,False,-0.004753673900070398,0.2526581796688264
2026-07-23,armed,,False,False,-0.009384620237902421,0.252310106202596
2026-07-24,armed,,False,False,-0.011484998261834429,0.25212608789435603
2026-07-27,armed,,False,False,0.00012499011964934415,0.2530762025749401
2026-07-28,armed,,False,False,-0.01317335846624336,0.25806208319634794
2026-07-29,armed,,False,False,-0.02224919601772894,0.2650257776288767
2026-07-30,armed,,False,False,0.035552371913962724,0.26683484595971246
2026-07-31,armed,,False,False,0.007393742497988292,0.27145334174317737
2026-08-03,armed,,False,False,0.018123039398834976,0.26895422997189966
2026-08-04,armed,,False,False,0.03742211127545797,0.2706619193383844
2026-08-05,armed,,False,False,-0.005748293257178931,0.27286269129919116
2026-08-06,armed,,False,False,-0.011996673585555152,0.2727740304458124
2026-08-07,armed,,False,False,0.013939425427799697,0.2741777229357664
2026-08-10,armed,,False,False,-0.0006312699453408976,0.273062360558147
2026-08-11,armed,,False,False,-0.00042613028185068297,0.27435058556186753
2026-08-12,armed,,False,False,0.015135022213633333,0.2761644835153733
2026-08-13,armed,,False,False,0.009455005357275104,0.27550624851196853
2026-08-14,armed,,False,False,-0.0004070580435318124,0.2726417488201811
